tree
version=v3
num_class=1
num_tree_per_iteration=1
label_index=0
max_feature_idx=34
objective=regression
feature_names=networkDomain city operatingSystem metro region channelGrouping referralPath country source medium browser deviceCategory continent subcontinent timeOnSite_sum timeOnSite_min timeOnSite_max timeOnSite_mean pageviews_sum pageviews_min pageviews_max pageviews_mean hits_sum hits_min hits_max hits_mean visitStartTime_counts sessionQualityDim isMobile visitNumber_max transactions first_ses_from_the_period_start last_ses_from_the_period_end interval_dates unqiue_date_num
feature_infos=[3:48213] [17:1095] [0:8] [4:128] [10:516] [1:7] [6:3745] [0:82] [0:134] [0:5] [0:11] [0:2] [0:4] [0:17] [0:164405] [0:6106] [0:19017] [0:6106] [1:2197] [0:116] [1:483] [1:116] [1:2689] [1:169] [1:483] [1:169] [1:128] [0:97] [0:1] [1:464] [0:18] [0:167] [0:167] [0:167] [1:70]
tree_sizes=799 830 829 834 833 830 833 828 842 828 831 830 837 830 829 839 821 831 832 835 831 830 829 837 829 828 829 826 837 828 830 833 823 825 823 824 835 834 845 834 831 836 822 825 836 834 829 828 825 834 837 826 833 831 817 838 822 815 835 848 819 825 844 822 813 837 827 819 819 814 844 817 826 837 836 837 820 836 836 826 839 816 824 826 835 835 820 826 832 822 833 819 834 838 830 814 841 833 832 840

Tree=0
num_leaves=8
num_cat=0
split_feature=30 30 7 27 31 16 31
split_gain=8783.91 2563.35 1269.08 1209.23 1060.65 812.607 699.061
threshold=1.0000000180025095e-35 2.5000000000000004 77.500000000000014 2.5000000000000004 42.500000000000007 232.50000000000003 60.500000000000007
decision_type=2 2 2 2 2 2 2
left_child=2 3 -1 4 -2 -4 -3
right_child=1 6 5 -5 -6 -7 -8
leaf_value=0.99331094532433506 1.0181542630454827 1.1166867960679732 1.0025534323161125 1.0338845620599524 1.1015496682597399 1.0156337178579926 1.2382002034880015
leaf_weight=2332 44 22 3328 232 163 1574 22
leaf_count=2332 44 22 3328 232 163 1574 22
internal_value=1.00656 1.06849 1.00242 1.0575 1.0839 1.00675 1.17778
internal_weight=0 483 7234 439 207 4902 44
internal_count=7717 483 7234 439 207 4902 44
is_linear=0
shrinkage=1


Tree=1
num_leaves=8
num_cat=0
split_feature=30 30 7 27 31 16 31
split_gain=8522.86 2487.08 1231.3 1173.18 1028.92 788.412 677.909
threshold=1.0000000180025095e-35 2.5000000000000004 77.500000000000014 2.5000000000000004 42.500000000000007 232.50000000000003 60.500000000000007
decision_type=2 2 2 2 2 2 2
left_child=2 3 -1 4 -2 -4 -3
right_child=1 6 5 -5 -6 -7 -8
leaf_value=-0.013045598086525603 0.011425070220773869 0.10847962227734652 -0.0039417491258623505 0.026919416353620332 0.093569548656604037 0.0089423323605384731 0.22817031383514402
leaf_weight=2332 44 22 3328 232 163 1574 22
leaf_count=2332 44 22 3328 232 163 1574 22
internal_value=0 0.0610065 -0.00407316 0.0501819 0.0761814 0.000192185 0.168666
internal_weight=0 483 7234 439 207 4902 44
internal_count=7717 483 7234 439 207 4902 44
is_linear=0
shrinkage=0.015


Tree=2
num_leaves=8
num_cat=0
split_feature=30 30 7 27 31 16 31
split_gain=8269.57 2413.07 1194.64 1138.2 998.13 764.938 657.393
threshold=1.0000000180025095e-35 2.5000000000000004 77.500000000000014 2.5000000000000004 42.500000000000007 232.50000000000003 60.500000000000007
decision_type=2 2 2 2 2 2 2
left_child=2 3 -1 4 -2 -4 -3
right_child=1 6 5 -5 -6 -7 -8
leaf_value=-0.012849913902491279 0.011253694946115667 0.10685242287137291 -0.0038826221675397113 0.026515622395893623 0.092165999109028299 0.0088081976369951097 0.22474778164516793
leaf_weight=2332 44 22 3328 232 163 1574 22
leaf_count=2332 44 22 3328 232 163 1574 22
internal_value=0 0.0600933 -0.00401206 0.0494302 0.0750397 0.000189257 0.166141
internal_weight=0 483 7234 439 207 4902 44
internal_count=7717 483 7234 439 207 4902 44
is_linear=0
shrinkage=0.015


Tree=3
num_leaves=8
num_cat=0
split_feature=30 30 7 27 29 2 16
split_gain=8023.82 2341.27 1159.06 1104.27 985.425 945.908 742.162
threshold=1.0000000180025095e-35 2.5000000000000004 77.500000000000014 2.5000000000000004 14.500000000000002 1.5000000000000002 232.50000000000003
decision_type=2 2 2 2 2 2 2
left_child=2 3 -1 4 5 -2 -4
right_child=1 -3 6 -5 -6 -7 -8
leaf_value=-0.012657165898467011 0.16157614734023809 0.16365400736982172 -0.0038243831063692383 0.026117887825801454 -0.005109364032745361 0.070919257028349517 0.0086760755972001887
leaf_weight=2332 32 44 3328 232 30 145 1574
leaf_count=2332 32 44 3328 232 30 145 1574
internal_value=0 0.0591937 -0.00395188 0.0486897 0.0739152 0.0873939 0.000186372
internal_weight=0 483 7234 439 207 177 4902
internal_count=7717 483 7234 439 207 177 4902
is_linear=0
shrinkage=0.015


Tree=4
num_leaves=8
num_cat=0
split_feature=30 30 7 27 29 2 16
split_gain=7785.14 2271.42 1124.55 1071.29 956.256 917.572 720.064
threshold=1.0000000180025095e-35 2.5000000000000004 77.500000000000014 2.5000000000000004 14.500000000000002 1.5000000000000002 232.50000000000003
decision_type=2 2 2 2 2 2 2
left_child=2 3 -1 4 5 -2 -4
right_child=1 -3 6 -5 -6 -7 -8
leaf_value=-0.012467308415556854 0.15915249589830635 0.16119919436899099 -0.0037670169016704538 0.025726120091717816 -0.0050327241420745853 0.069855468269052173 0.0085459327470544331
leaf_weight=2332 32 44 3328 232 30 145 1574
leaf_count=2332 32 44 3328 232 30 145 1574
internal_value=0 0.0583068 -0.0038926 0.0479599 0.0728065 0.0860843 0.00018353
internal_weight=0 483 7234 439 207 177 4902
internal_count=7717 483 7234 439 207 177 4902
is_linear=0
shrinkage=0.015


Tree=5
num_leaves=8
num_cat=0
split_feature=30 30 7 27 31 16 31
split_gain=7553.57 2203.66 1091.07 1039.3 942.817 698.625 638.141
threshold=1.0000000180025095e-35 2.5000000000000004 77.500000000000014 2.5000000000000004 42.500000000000007 232.50000000000003 60.500000000000007
decision_type=2 2 2 2 2 2 2
left_child=2 3 -1 4 -2 -4 -3
right_child=1 6 5 -5 -6 -7 -8
leaf_value=-0.012280298618162065 0.0097153046998110677 0.10037683969194239 -0.0037105116984233835 0.025340228337666085 0.088358302566171415 0.0084177454953878322 0.21650374954397025
leaf_weight=2332 44 22 3328 232 163 1574 22
leaf_count=2332 44 22 3328 232 163 1574 22
internal_value=0 0.0574331 -0.00383421 0.047241 0.0717144 0.000180732 0.158781
internal_weight=0 483 7234 439 207 4902 44
internal_count=7717 483 7234 439 207 4902 44
is_linear=0
shrinkage=0.015


Tree=6
num_leaves=8
num_cat=0
split_feature=30 30 7 27 29 2 16
split_gain=7329.11 2138.09 1058.58 1008.31 916.904 888.667 677.824
threshold=1.0000000180025095e-35 2.5000000000000004 77.500000000000014 2.5000000000000004 14.500000000000002 1.5000000000000002 232.50000000000003
decision_type=2 2 2 2 2 2 2
left_child=2 3 -1 4 5 -2 -4
right_child=1 -3 6 -5 -6 -7 -8
leaf_value=-0.012096094239637332 0.15555042542517183 0.15640459851785141 -0.0036548544160233667 0.024960127534537479 -0.0055748209953308103 0.06766937517297679 0.0082914782589090814
leaf_weight=2332 32 44 3328 232 30 145 1574
leaf_count=2332 32 44 3328 232 30 145 1574
internal_value=0 0.0565735 -0.0037767 0.0465334 0.0706398 0.0836422 0.000177975
internal_weight=0 483 7234 439 207 177 4902
internal_count=7717 483 7234 439 207 177 4902
is_linear=0
shrinkage=0.015


Tree=7
num_leaves=8
num_cat=0
split_feature=30 30 5 27 31 17 31
split_gain=7111.11 2074.3 1040.99 978.194 902.541 700.872 619.141
threshold=1.0000000180025095e-35 2.5000000000000004 5.5000000000000009 2.5000000000000004 42.500000000000007 88.375000000000014 60.500000000000007
decision_type=2 2 2 2 2 2 2
left_child=2 3 -1 4 -2 -4 -3
right_child=1 6 5 -5 -6 -7 -8
leaf_value=-0.0082612486906450799 0.0089141087504950433 0.096525111225518309 -0.003248550441614382 0.02458572269513689 0.085864242395740351 0.01182001177544954 0.21091013171456077
leaf_weight=4420 44 22 1570 232 163 1244 22
leaf_count=4420 44 22 1570 232 163 1244 22
internal_value=0 0.0557258 -0.00372005 0.0458359 0.0695802 0.00340756 0.154059
internal_weight=0 483 7234 439 207 2814 44
internal_count=7717 483 7234 439 207 2814 44
is_linear=0
shrinkage=0.015


Tree=8
num_leaves=8
num_cat=0
split_feature=30 30 7 21 28 3 27
split_gain=6899.82 2012.58 1017.57 958.657 663.173 876.249 615.323
threshold=1.0000000180025095e-35 2.5000000000000004 77.500000000000014 33.750000000000007 1.0000000180025095e-35 79.000000000000014 2.5000000000000004
decision_type=2 2 2 2 2 2 2
left_child=2 3 -1 6 5 -4 -2
right_child=1 -3 4 -5 -6 -7 -8
leaf_value=-0.011820913973435324 0.059750993093277548 0.15175276279449462 0.020876161303747903 0.13560086796283721 -0.010607328580288929 0.00018478481017445962 0.022864565153037551
leaf_weight=2332 188 44 534 25 1011 3357 226
leaf_count=2332 188 44 534 25 1011 3357 226
internal_value=0 0.0548918 -0.00366425 0.0451494 0.000213012 0.00302832 0.0396512
internal_weight=0 483 7234 439 4902 3891 414
internal_count=7717 483 7234 439 4902 3891 414
is_linear=0
shrinkage=0.015


Tree=9
num_leaves=8
num_cat=0
split_feature=30 30 5 21 17 31 27
split_gain=6694.69 1952.51 991.558 930.013 679.175 600.706 596.923
threshold=1.0000000180025095e-35 2.5000000000000004 5.5000000000000009 33.750000000000007 88.375000000000014 60.500000000000007 2.5000000000000004
decision_type=2 2 2 2 2 2 2
left_child=2 3 -1 6 -4 -3 -2
right_child=1 5 4 -5 -6 -7 -8
leaf_value=-0.0080413584559481614 0.058854730611151838 0.092800945856354441 -0.0032051618862303957 0.13356685445308686 0.011628259202627124 0.20547018332914871 0.022521598507872727
leaf_weight=4420 188 22 1570 25 1244 22 226
leaf_count=4420 188 22 1570 25 1244 22 226
internal_value=0 0.0540698 -0.00360926 0.0444732 0.003347 0.149476 0.0390569
internal_weight=0 483 7234 439 2814 44 414
internal_count=7717 483 7234 439 2814 44 414
is_linear=0
shrinkage=0.015


Tree=10
num_leaves=8
num_cat=0
split_feature=30 30 7 21 16 31 27
split_gain=6495.79 1894.42 978.191 902.223 640.926 582.525 579.073
threshold=1.0000000180025095e-35 2.5000000000000004 77.500000000000014 33.750000000000007 232.50000000000003 60.500000000000007 2.5000000000000004
decision_type=2 2 2 2 2 2 2
left_child=2 3 -1 6 -4 -3 -2
right_child=1 5 4 -5 -6 -7 -8
leaf_value=-0.011552419204450184 0.057971908478660787 0.091408934647386725 -0.0034806001373530867 0.13156335160732269 0.008135938156665962 0.20238814245570791 0.022183773791895504
leaf_weight=2332 188 22 3328 25 1574 22 226
leaf_count=2332 188 22 3328 25 1574 22 226
internal_value=0 0.0532606 -0.00355512 0.0438071 0.000246334 0.147239 0.0384716
internal_weight=0 483 7234 439 4902 44 414
internal_count=7717 483 7234 439 4902 44 414
is_linear=0
shrinkage=0.015


Tree=11
num_leaves=8
num_cat=0
split_feature=30 30 5 21 17 31 27
split_gain=6302.79 1838.05 953.982 875.263 649.951 564.89 561.755
threshold=1.0000000180025095e-35 2.5000000000000004 5.5000000000000009 33.750000000000007 88.375000000000014 60.500000000000007 2.5000000000000004
decision_type=2 2 2 2 2 2 2
left_child=2 3 -1 6 -4 -3 -2
right_child=1 5 4 -5 -6 -7 -8
leaf_value=-0.0078491328796245381 0.057102329372725587 0.090037796388972885 -0.0030881194869044476 0.12958990223407746 0.011422482272340554 0.19935231360522185 0.021851015808308016
leaf_weight=4420 188 22 1570 25 1244 22 226
leaf_count=4420 188 22 1570 25 1244 22 226
internal_value=0 0.0524636 -0.00350179 0.0431511 0.00332133 0.145036 0.0378951
internal_weight=0 483 7234 439 2814 44 414
internal_count=7717 483 7234 439 2814 44 414
is_linear=0
shrinkage=0.015


Tree=12
num_leaves=8
num_cat=0
split_feature=30 30 7 21 28 3 31
split_gain=6115.54 1783.37 940.326 849.107 626.375 848.05 547.785
threshold=1.0000000180025095e-35 2.5000000000000004 77.500000000000014 33.750000000000007 1.0000000180025095e-35 79.000000000000014 60.500000000000007
decision_type=2 2 2 2 2 2 2
left_child=2 3 -1 -2 5 -4 -3
right_child=1 6 4 -5 -6 -7 -8
leaf_value=-0.011290276756008534 0.037327208899069521 0.088687238639051258 0.020572344523467373 0.12764605407714844 -0.010237848090135025 0.00021650002591837932 0.19636202963915739
leaf_weight=2332 414 22 534 25 1011 3357 22
leaf_count=2332 414 22 534 25 1011 3357 22
internal_value=0 0.0516785 -0.00344926 0.0425048 0.000277837 0.00301399 0.142866
internal_weight=0 483 7234 439 4902 3891 44
internal_count=7717 483 7234 439 4902 3891 44
is_linear=0
shrinkage=0.015


Tree=13
num_leaves=8
num_cat=0
split_feature=30 30 7 27 29 2 16
split_gain=5933.75 1730.33 912.334 845.141 866.2 841.056 613.98
threshold=1.0000000180025095e-35 2.5000000000000004 77.500000000000014 2.5000000000000004 14.500000000000002 1.5000000000000002 232.50000000000003
decision_type=2 2 2 2 2 2 2
left_child=2 3 -1 4 5 -2 -4
right_child=1 -3 6 -5 -6 -7 -8
leaf_value=-0.011120922072673949 0.14652121458202599 0.14072767292911356 -0.0033739977154450917 0.022109639624069474 -0.01015171867609024 0.06104401669831111 0.0079956735142304308
leaf_weight=2332 32 44 3328 232 30 145 1574
leaf_count=2332 32 44 3328 232 30 145 1574
internal_value=0 0.0509047 -0.00339749 0.0418678 0.0639397 0.0765823 0.000273669
internal_weight=0 483 7234 439 207 177 4902
internal_count=7717 483 7234 439 207 177 4902
is_linear=0
shrinkage=0.015


Tree=14
num_leaves=8
num_cat=0
split_feature=30 30 5 27 31 17 2
split_gain=5757.27 1678.69 900.963 819.895 852.898 621.211 557.142
threshold=1.0000000180025095e-35 2.5000000000000004 5.5000000000000009 2.5000000000000004 42.500000000000007 88.375000000000014 1.5000000000000002
decision_type=2 2 2 2 2 2 2
left_child=2 3 -1 4 -2 -4 -6
right_child=1 -3 5 -5 6 -7 -8
leaf_value=-0.0075713880016927797 0.0040171743116595524 0.13861675704067403 -0.0029817473432820316 0.021777994344974384 0.1353494386933744 0.011204242063296952 0.06487816658183819
leaf_weight=4420 44 44 1570 232 32 1244 131
leaf_count=4420 44 44 1570 232 32 1244 131
internal_value=0 0.050142 -0.00334653 0.0412403 0.0629806 0.0032842 0.078805
internal_weight=0 483 7234 439 207 2814 163
internal_count=7717 483 7234 439 207 2814 163
is_linear=0
shrinkage=0.015


Tree=15
num_leaves=8
num_cat=0
split_feature=30 30 7 21 28 3 31
split_gain=5586.24 1628.55 876.965 803.064 599.879 821.694 531.752
threshold=1.0000000180025095e-35 2.5000000000000004 77.500000000000014 33.750000000000007 1.0000000180025095e-35 79.000000000000014 60.500000000000007
decision_type=2 2 2 2 2 2 2
left_child=2 3 -1 -2 5 -4 -3
right_child=1 6 4 -5 -6 -7 -8
leaf_value=-0.010868593521837918 0.035586798212666443 0.083166758797385471 0.020264010390873704 0.12342581770420075 -0.0099878480800535269 0.00022687647202059664 0.18922643358057195
leaf_weight=2332 414 22 534 25 1011 3357 22
leaf_count=2332 414 22 534 25 1011 3357 22
internal_value=0 0.0493918 -0.00329633 0.0406232 0.000302915 0.00298062 0.136538
internal_weight=0 483 7234 439 4902 3891 44
internal_count=7717 483 7234 439 4902 3891 44
is_linear=0
shrinkage=0.015


Tree=16
num_leaves=8
num_cat=0
split_feature=30 30 5 27 29 2 19
split_gain=5420.2 1580.12 858.003 792.144 828.613 816.993 633.128
threshold=1.0000000180025095e-35 2.5000000000000004 5.5000000000000009 2.5000000000000004 10.500000000000002 1.5000000000000002 2.5000000000000004
decision_type=2 2 2 2 2 2 2
left_child=2 3 -1 4 5 -2 -7
right_child=1 -3 -4 -5 -6 6 -8
leaf_value=-0.0073697872532708618 0.14934772376356453 0.13449455876242028 0.0032237752239460118 0.020883447301798853 0.0024125449601994004 0.1122286047385289 0.040100026614964007
leaf_weight=4420 29 44 2814 232 43 39 96
leaf_count=4420 29 44 2814 232 43 39 96
internal_value=0 0.0486523 -0.00324686 0.0400144 0.0613833 0.0767537 0.0610483
internal_weight=0 483 7234 439 207 164 135
internal_count=7717 483 7234 439 207 164 135
is_linear=0
shrinkage=0.015


Tree=17
num_leaves=8
num_cat=0
split_feature=30 30 7 21 16 31 27
split_gain=5259.29 1532.91 843.423 769.534 588.539 515.919 492.483
threshold=1.0000000180025095e-35 2.5000000000000004 77.500000000000014 33.750000000000007 232.50000000000003 60.500000000000007 2.5000000000000004
decision_type=2 2 2 2 2 2 2
left_child=2 3 -1 6 -4 -3 -2
right_child=1 5 4 -5 -6 -7 -8
leaf_value=-0.010624182071428151 0.052469909647677802 0.079901841011914332 -0.0032396306911519224 0.12047444343566895 0.0078919102431403935 0.18437061960046941 0.01945797544665041
leaf_weight=2332 188 22 3328 25 1574 22 226
leaf_count=2332 188 22 3328 25 1574 22 226
internal_value=0 0.0479248 -0.00319812 0.0394162 0.000331574 0.132477 0.0344851
internal_weight=0 483 7234 439 4902 44 414
internal_count=7717 483 7234 439 4902 44 414
is_linear=0
shrinkage=0.015


Tree=18
num_leaves=8
num_cat=0
split_feature=30 30 5 27 31 17 31
split_gain=5103.07 1487.31 825.523 747.509 811.212 593.735 517.965
threshold=1.0000000180025095e-35 2.5000000000000004 5.5000000000000009 2.5000000000000004 42.500000000000007 88.375000000000014 106.50000000000001
decision_type=2 2 2 2 2 2 2
left_child=2 3 -1 4 -2 -4 -6
right_child=1 -3 5 -5 6 -7 -8
leaf_value=-0.0071943233518848588 0.0020804205130447039 0.13049508959054945 -0.0029288732343038934 0.020239139260916875 0.10380741211144548 0.010939750697260118 0.049692177998608554
leaf_weight=4420 44 44 1570 232 76 1244 87
leaf_count=4420 44 44 1570 232 76 1244 87
internal_value=0 0.0472078 -0.00315015 0.038826 0.0595851 0.00319677 0.0750158
internal_weight=0 483 7234 439 207 2814 163
internal_count=7717 483 7234 439 207 2814 163
is_linear=0
shrinkage=0.015


Tree=19
num_leaves=8
num_cat=0
split_feature=30 30 7 21 28 3 31
split_gain=4951.5 1442.88 810.75 741.168 567.009 795.557 500.558
threshold=1.0000000180025095e-35 2.5000000000000004 77.500000000000014 33.750000000000007 1.0000000180025095e-35 79.000000000000014 60.500000000000007
decision_type=2 2 2 2 2 2 2
left_child=2 3 -1 -2 5 -4 -3
right_child=1 6 4 -5 -6 -7 -8
leaf_value=-0.010383723197220529 0.033405042934244955 0.076745881546627384 0.019967414184232778 0.11779679074287414 -0.0096469831900002339 0.00025140782250582477 0.1796476260098544
leaf_weight=2332 414 22 534 25 1011 3357 22
leaf_count=2332 414 22 534 25 1011 3357 22
internal_value=0 0.0465016 -0.0031029 0.0382451 0.000357706 0.00296108 0.128538
internal_weight=0 483 7234 439 4902 3891 44
internal_count=7717 483 7234 439 4902 3891 44
is_linear=0
shrinkage=0.015


Tree=20
num_leaves=8
num_cat=0
split_feature=30 30 7 27 29 2 16
split_gain=4804.33 1399.97 786.616 722.191 795.97 759.499 563.801
threshold=1.0000000180025095e-35 2.5000000000000004 77.500000000000014 2.5000000000000004 14.500000000000002 1.5000000000000002 232.50000000000003
decision_type=2 2 2 2 2 2 2
left_child=2 3 -1 4 5 -2 -4
right_child=1 -3 6 -5 -6 -7 -8
leaf_value=-0.010227967295188642 0.136662516631186 0.12661471383138137 -0.0031429228055863995 0.019401738499772957 -0.012949082016944885 0.055427978630723622 0.0077521096433133003
leaf_weight=2332 32 44 3328 232 30 145 1574
leaf_count=2332 32 44 3328 232 30 145 1574
internal_value=0 0.0458055 -0.00305632 0.037672 0.0580763 0.0701992 0.000352341
internal_weight=0 483 7234 439 207 177 4902
internal_count=7717 483 7234 439 207 177 4902
is_linear=0
shrinkage=0.015


Tree=21
num_leaves=8
num_cat=0
split_feature=30 30 5 21 17 31 27
split_gain=4661.47 1358.18 779.492 709.396 567.481 485.653 445.763
threshold=1.0000000180025095e-35 2.5000000000000004 5.5000000000000009 33.750000000000007 88.375000000000014 60.500000000000007 2.5000000000000004
decision_type=2 2 2 2 2 2 2
left_child=2 3 -1 6 -4 -3 -2
right_child=1 5 4 -5 -6 -7 -8
leaf_value=-0.0069403300213867715 0.049482843305202237 0.073695477734912529 -0.0028316168587678558 0.11493818850517273 0.010726762467641923 0.1750536951151761 0.018070418686993352
leaf_weight=4420 188 22 1570 25 1244 22 226
leaf_count=4420 188 22 1570 25 1244 22 226
internal_value=0 0.0451193 -0.00301048 0.0371074 0.00315688 0.124715 0.0323712
internal_weight=0 483 7234 439 2814 44 414
internal_count=7717 483 7234 439 2814 44 414
is_linear=0
shrinkage=0.015


Tree=22
num_leaves=8
num_cat=0
split_feature=30 30 5 21 17 31 27
split_gain=4523.03 1317.78 756.276 688.191 550.591 470.947 432.426
threshold=1.0000000180025095e-35 2.5000000000000004 5.5000000000000009 33.750000000000007 88.375000000000014 60.500000000000007 2.5000000000000004
decision_type=2 2 2 2 2 2 2
left_child=2 3 -1 6 -4 -3 -2
right_child=1 5 4 -5 -6 -7 -8
leaf_value=-0.0068362252120923129 0.048740599104698662 0.072590043328025128 -0.0027891427504408892 0.11321411247253417 0.010565860669377149 0.17242788661609995 0.01779936233452991
leaf_weight=4420 188 22 1570 25 1244 22 226
leaf_count=4420 188 22 1570 25 1244 22 226
internal_value=0 0.0444444 -0.00296532 0.0365518 0.00310944 0.12285 0.0318862
internal_weight=0 483 7234 439 2814 44 414
internal_count=7717 483 7234 439 2814 44 414
is_linear=0
shrinkage=0.015


Tree=23
num_leaves=8
num_cat=0
split_feature=30 30 7 21 28 3 31
split_gain=4388.7 1278.58 749.14 667.619 536.124 770.06 456.683
threshold=1.0000000180025095e-35 2.5000000000000004 77.500000000000014 33.750000000000007 1.0000000180025095e-35 79.000000000000014 60.500000000000007
decision_type=2 2 2 2 2 2 2
left_child=2 3 -1 -2 5 -4 -3
right_child=1 6 4 -5 -6 -7 -8
leaf_value=-0.0099196085788782421 0.031408454758533537 0.071501193100755867 0.019668752013632419 0.11151590037345886 -0.0093226500089868946 0.00027114756625075761 0.16984147505326705
leaf_weight=2332 414 22 534 25 1011 3357 22
leaf_count=2332 414 22 534 25 1011 3357 22
internal_value=0 0.0437796 -0.00292084 0.0360046 0.000405581 0.00293713 0.121012
internal_weight=0 483 7234 439 4902 3891 44
internal_count=7717 483 7234 439 4902 3891 44
is_linear=0
shrinkage=0.015


Tree=24
num_leaves=8
num_cat=0
split_feature=30 30 7 27 31 16 31
split_gain=4258.28 1240.56 726.84 659.998 768.268 533.261 504.54
threshold=1.0000000180025095e-35 2.5000000000000004 77.500000000000014 2.5000000000000004 42.500000000000007 232.50000000000003 106.50000000000001
decision_type=2 2 2 2 2 2 2
left_child=2 3 -1 4 -2 -4 -6
right_child=1 -3 5 -5 6 -7 -8
leaf_value=-0.009770814759040165 -0.00030980887738141146 0.11920217302712527 -0.0029996697195411584 0.017995868386893436 0.09838940051041152 0.0075960838419812451 0.04500146923394039
leaf_weight=2332 44 44 3328 232 76 1574 87
leaf_count=2332 44 44 3328 232 76 1574 87
internal_value=0 0.0431243 -0.002877 0.035465 0.0549715 0.000399497 0.069986
internal_weight=0 483 7234 439 207 4902 163
internal_count=7717 483 7234 439 207 4902 163
is_linear=0
shrinkage=0.015


Tree=25
num_leaves=8
num_cat=0
split_feature=30 30 5 21 3 31 27
split_gain=4131.66 1203.52 713.936 642.921 531.458 443.085 404.759
threshold=1.0000000180025095e-35 2.5000000000000004 5.5000000000000009 33.750000000000007 79.000000000000014 60.500000000000007 2.5000000000000004
decision_type=2 2 2 2 2 2 2
left_child=2 3 -1 6 -4 -3 -2
right_child=1 5 4 -5 -6 -7 -8
leaf_value=-0.0065948753245680574 0.046729139742699072 0.068640638318928804 0.019393908402254412 0.10903628811836243 0.00045895480586512861 0.16550581325184213 0.016791304951220488
leaf_weight=4420 188 22 387 25 2427 22 226
leaf_count=4420 188 22 387 25 2427 22 226
internal_value=0 0.0424783 -0.00283384 0.0349335 0.00306835 0.117414 0.0304225
internal_weight=0 483 7234 439 2814 44 414
internal_count=7717 483 7234 439 2814 44 414
is_linear=0
shrinkage=0.015


Tree=26
num_leaves=8
num_cat=0
split_feature=30 30 7 21 16 31 27
split_gain=4008.97 1167.72 698.424 623.7 517.588 429.661 392.647
threshold=1.0000000180025095e-35 2.5000000000000004 77.500000000000014 33.750000000000007 227.50000000000003 60.500000000000007 2.5000000000000004
decision_type=2 2 2 2 2 2 2
left_child=2 3 -1 6 -4 -3 -2
right_child=1 5 4 -5 -6 -7 -8
leaf_value=-0.0095490112404880562 0.046028202607276587 0.06761103369972922 -0.0029518488233016759 0.10740074129104614 0.0074611042123909179 0.16302323081276635 0.016539436315013242
leaf_weight=2332 188 22 3313 25 1589 22 226
leaf_count=2332 188 22 3313 25 1589 22 226
internal_value=0 0.041843 -0.00279127 0.0344106 0.000420485 0.115658 0.0299667
internal_weight=0 483 7234 439 4902 44 414
internal_count=7717 483 7234 439 4902 44 414
is_linear=0
shrinkage=0.015


Tree=27
num_leaves=8
num_cat=0
split_feature=30 30 5 27 29 2 19
split_gain=3889.93 1132.98 686.934 605.808 754.925 718.779 583.459
threshold=1.0000000180025095e-35 2.5000000000000004 5.5000000000000009 2.5000000000000004 14.500000000000002 1.5000000000000002 15.500000000000002
decision_type=2 2 2 2 2 2 2
left_child=2 3 -1 4 5 -2 -7
right_child=1 -3 -4 -5 -6 6 -8
leaf_value=-0.0064386598669430783 0.12903861992061139 0.11392828394066204 0.0030400451919290299 0.017154938886905537 -0.016598151445388794 0.067005286639386957 -0.0029065331390925818
leaf_weight=4420 32 44 2814 232 30 110 35
leaf_count=4420 32 44 2814 232 30 110 35
internal_value=0 0.0412173 -0.0027494 0.0338954 0.0525852 0.064396 0.0500266
internal_weight=0 483 7234 439 207 177 145
internal_count=7717 483 7234 439 207 177 145
is_linear=0
shrinkage=0.015


Tree=28
num_leaves=8
num_cat=0
split_feature=30 30 7 21 28 3 31
split_gain=3774.18 1099.17 671.688 601.812 507.453 731.769 416.868
threshold=1.0000000180025095e-35 2.5000000000000004 77.500000000000014 33.750000000000007 1.0000000180025095e-35 79.000000000000014 60.500000000000007
decision_type=2 2 2 2 2 2 2
left_child=2 3 -1 -2 5 -4 -3
right_child=1 6 4 -5 -6 -7 -8
leaf_value=-0.0093352908612984523 0.02902111724235009 0.06488794066689231 0.019214902121699257 0.10508582425117492 -0.0090228654015311847 0.00030552010700253101 0.15886895396492698
leaf_weight=2332 414 22 534 25 1011 3357 22
leaf_count=2332 414 22 534 25 1011 3357 22
internal_value=0 0.0405995 -0.00270813 0.033387 0.000441508 0.00290449 0.112219
internal_weight=0 483 7234 439 4902 3891 44
internal_count=7717 483 7234 439 4902 3891 44
is_linear=0
shrinkage=0.015


Tree=29
num_leaves=8
num_cat=0
split_feature=30 30 5 27 29 2 19
split_gain=3662.04 1066.49 653.819 585.183 733.253 714.421 636.552
threshold=1.0000000180025095e-35 2.5000000000000004 5.5000000000000009 2.5000000000000004 10.500000000000002 1.5000000000000002 15.500000000000002
decision_type=2 2 2 2 2 2 2
left_child=2 3 -1 4 5 -2 -7
right_child=1 -3 -4 -5 -6 6 -8
leaf_value=-0.006266742226966905 0.13358564972877501 0.11054118048061023 0.0029806178731959002 0.016432788700893007 -0.0035486451553743935 0.070303095281124106 -0.0036242446558816094
leaf_weight=4420 29 44 2814 232 43 100 35
leaf_count=4420 29 44 2814 232 43 100 35
internal_value=0 0.0399919 -0.00266748 0.0328867 0.0512553 0.0657161 0.0510256
internal_weight=0 483 7234 439 207 164 135
internal_count=7717 483 7234 439 207 164 135
is_linear=0
shrinkage=0.015


Tree=30
num_leaves=8
num_cat=0
split_feature=30 30 7 21 16 31 21
split_gain=3553.08 1034.65 646.012 580.111 502.938 404.456 363.88
threshold=1.0000000180025095e-35 2.5000000000000004 77.500000000000014 33.750000000000007 232.50000000000003 60.500000000000007 11.708333333333334
decision_type=2 2 2 2 2 2 2
left_child=2 3 -1 6 -4 -3 -2
right_child=1 5 4 -5 -6 -7 -8
leaf_value=-0.009126718796751308 0.012111143276586637 0.062256507981907232 -0.0028396148920560682 0.10278873109817505 0.0074503660130076669 0.15482780196449972 0.040589459538459778
leaf_weight=2332 182 22 3328 25 1574 22 232
leaf_count=2332 182 22 3328 25 1574 22 232
internal_value=0 0.0393925 -0.00262744 0.0323934 0.00046137 0.108883 0.0281062
internal_weight=0 483 7234 439 4902 44 414
internal_count=7717 483 7234 439 4902 44 414
is_linear=0
shrinkage=0.015


Tree=31
num_leaves=8
num_cat=0
split_feature=30 30 5 27 31 17 31
split_gain=3447.59 1003.88 629.07 562.97 719.665 511.019 487.064
threshold=1.0000000180025095e-35 2.5000000000000004 5.5000000000000009 2.5000000000000004 42.500000000000007 88.375000000000014 106.50000000000001
decision_type=2 2 2 2 2 2 2
left_child=2 3 -1 4 -2 -4 -6
right_child=1 -3 5 -5 6 -7 -8
leaf_value=-0.0061185419593191796 -0.0035845341601155019 0.10725492807951839 -0.0027303314357046866 0.015768755301833151 0.092355269523043376 0.010135697861145165 0.039921936043377577
leaf_weight=4420 44 44 1570 232 76 1244 87
leaf_count=4420 44 44 1570 232 76 1244 87
internal_value=0 0.0388034 -0.00258802 0.0319085 0.0499251 0.00295209 0.0644614
internal_weight=0 483 7234 439 207 2814 163
internal_count=7717 483 7234 439 207 2814 163
is_linear=0
shrinkage=0.015


Tree=32
num_leaves=8
num_cat=0
split_feature=30 27 20 31 7 31 32
split_gain=3345.09 976.533 1402.8 1072.54 620.981 518.632 660.894
threshold=1.0000000180025095e-35 2.5000000000000004 65.500000000000014 46.500000000000007 77.500000000000014 106.50000000000001 15.500000000000002
decision_type=2 2 2 2 2 2 2
left_child=4 2 3 -2 -1 -5 -7
right_child=1 -3 -4 5 -6 6 -8
leaf_value=-0.0089213537118089346 -0.015123972803988353 0.017201970096041515 0.17154702940712802 0.094477118253707887 0.0004791219966575011 0.093216782107072724 0.0090326565078326631
leaf_weight=2332 47 246 23 77 4902 34 56
leaf_count=2332 47 246 23 77 4902 34 56
internal_value=0 0.0382223 0.0599776 0.0479164 -0.0025492 0.0657481 0.0410022
internal_weight=0 483 237 214 7234 167 90
internal_count=7717 483 237 214 7234 167 90
is_linear=0
shrinkage=0.015


Tree=33
num_leaves=8
num_cat=0
split_feature=30 30 5 21 3 31 21
split_gain=3245.72 957.371 604.975 548.995 499.282 390.714 355.473
threshold=1.0000000180025095e-35 2.5000000000000004 5.5000000000000009 33.750000000000007 79.000000000000014 60.500000000000007 22.883116883116887
decision_type=2 2 2 2 2 2 2
left_child=2 3 -1 6 -4 -3 -2
right_child=1 5 4 -5 -6 -7 -8
leaf_value=-0.0059732088673168718 0.032803253125527808 0.058671437827023595 0.018745562175447626 0.099398627328872682 0.00039264506956260785 0.14964617664163762 -0.004975061795928261
leaf_weight=4420 348 22 387 25 2427 22 66
leaf_count=4420 348 22 387 25 2427 22 66
internal_value=0 0.0376504 -0.00251093 0.030916 0.00292199 0.1045 0.0267444
internal_weight=0 483 7234 439 2814 44 414
internal_count=7717 483 7234 439 2814 44 414
is_linear=0
shrinkage=0.015


Tree=34
num_leaves=8
num_cat=0
split_feature=30 27 20 31 7 2 25
split_gain=3149.21 941.705 1349.91 1037.87 596.706 503.116 996.351
threshold=1.0000000180025095e-35 2.5000000000000004 65.500000000000014 46.500000000000007 77.500000000000014 1.5000000000000002 22.535714285714288
decision_type=2 2 2 2 2 2 2
left_child=4 2 3 -2 -1 -5 -7
right_child=1 -3 -4 5 -6 6 -8
leaf_value=-0.0087195917322439344 -0.015394270800529642 0.01644357069963362 0.16789875564367873 0.1124449829992495 0.0004952876078309161 0.083531049123177159 -0.0014467869085424087
leaf_weight=2332 47 246 23 38 4902 78 51
leaf_count=2332 47 246 23 38 4902 78 51
internal_value=0 0.0370866 0.0584502 0.0466169 -0.00247321 0.064159 0.0498189
internal_weight=0 483 237 214 7234 167 129
internal_count=7717 483 237 214 7234 167 129
is_linear=0
shrinkage=0.015


Tree=35
num_leaves=8
num_cat=0
split_feature=30 27 20 31 5 31 32
split_gain=3055.51 913.593 1309.62 1007.06 581.826 497.953 631.005
threshold=1.0000000180025095e-35 2.5000000000000004 65.500000000000014 46.500000000000007 5.5000000000000009 106.50000000000001 15.500000000000002
decision_type=2 2 2 2 2 2 2
left_child=4 2 3 -2 -1 -5 -7
right_child=1 -3 -4 5 -6 6 -8
leaf_value=-0.0058314978206589207 -0.015163356877387837 0.016196917920577814 0.16538027581961257 0.091345434173361037 0.0028918347652278731 0.089962266368024485 0.0077055595815181729
leaf_weight=4420 47 246 23 77 2814 34 56
leaf_count=4420 47 246 23 77 2814 34 56
internal_value=0 0.0365307 0.0575734 0.0459166 -0.00243608 0.0631966 0.038947
internal_weight=0 483 237 214 7234 167 90
internal_count=7717 483 237 214 7234 167 90
is_linear=0
shrinkage=0.015


Tree=36
num_leaves=8
num_cat=0
split_feature=30 30 7 21 16 0 2
split_gain=2964.75 896.756 573.892 532.374 482.105 432.041 574.135
threshold=1.0000000180025095e-35 2.5000000000000004 77.500000000000014 11.708333333333334 232.50000000000003 9484.5000000000018 1.5000000000000002
decision_type=2 2 2 2 2 2 2
left_child=2 3 -1 -2 -4 -5 -7
right_child=1 -3 4 5 -6 6 -8
leaf_value=-0.0085253405536478612 0.0097297301397218806 0.10068510125983844 -0.0027201588221718201 -0.010724787342137302 0.0073543518391618887 0.10648578459875924 0.040069471341340653
leaf_weight=2332 182 44 3328 29 1574 35 193
leaf_count=2332 182 44 3328 29 1574 35 193
internal_value=0 0.0359842 -0.00239951 0.0294652 0.00051164 0.0433828 0.0503307
internal_weight=0 483 7234 439 4902 257 228
internal_count=7717 483 7234 439 4902 257 228
is_linear=0
shrinkage=0.015


Tree=37
num_leaves=8
num_cat=0
split_feature=30 27 20 31 5 17 31
split_gain=2876.61 876.369 1260.04 975.431 559.816 488.252 481.193
threshold=1.0000000180025095e-35 2.5000000000000004 65.500000000000014 46.500000000000007 5.5000000000000009 88.375000000000014 106.50000000000001
decision_type=2 2 2 2 2 2 2
left_child=4 2 3 -2 -1 -6 -5
right_child=1 -3 -4 6 5 -7 -8
leaf_value=-0.0056941240038807031 -0.015492093474306957 0.015528826655411138 0.16180377167204152 0.089298266218854241 -0.0026916421691703185 0.0098844404116129186 0.037785283168156943
leaf_weight=4420 47 246 23 77 1570 1244 90
leaf_count=4420 47 246 23 77 1570 1244 90
internal_value=0 0.0354453 0.0560549 0.0446192 -0.00236351 0.0028626 0.0616266
internal_weight=0 483 237 214 7234 2814 167
internal_count=7717 483 237 214 7234 2814 167
is_linear=0
shrinkage=0.015


Tree=38
num_leaves=8
num_cat=0
split_feature=30 30 7 21 28 3 0
split_gain=2791.1 856.258 551.64 510.217 463.192 693.59 419.263
threshold=1.0000000180025095e-35 2.5000000000000004 77.500000000000014 11.708333333333334 1.0000000180025095e-35 79.000000000000014 9484.5000000000018
decision_type=2 2 2 2 2 2 2
left_child=2 3 -1 -2 5 -4 -5
right_child=1 -3 4 6 -6 -7 -8
leaf_value=-0.0083339852724690772 0.0092216469887848734 0.098139682628891681 0.018758574444591329 -0.011131708169805592 -0.0085158728253240043 0.00034886088085771136 0.049013483790974866
leaf_weight=2332 182 44 534 29 1011 3357 228
leaf_count=2332 182 44 534 29 1011 3357 228
internal_value=0 0.0349146 -0.00232806 0.0285435 0.000526042 0.00287926 0.0421683
internal_weight=0 483 7234 439 4902 3891 257
internal_count=7717 483 7234 439 4902 3891 257
is_linear=0
shrinkage=0.015


Tree=39
num_leaves=8
num_cat=0
split_feature=30 27 20 31 12 16 30
split_gain=2708.06 841.956 1212.64 946.252 537.638 480.483 472.999
threshold=1.0000000180025095e-35 2.5000000000000004 65.500000000000014 46.500000000000007 1.5000000000000002 232.50000000000003 1.5000000000000002
decision_type=2 2 2 2 2 2 2
left_child=4 2 3 -2 5 -1 -5
right_child=1 -3 -4 6 -6 -7 -8
leaf_value=-0.0028975904797684392 -0.01583201727968581 0.014868649426029949 0.15833549473596653 0.048121485205462375 -0.0088767442230020515 0.0068325999471020539 0.11443555080890655
leaf_weight=3533 47 246 23 137 2014 1687 30
leaf_count=3533 47 246 23 137 2014 1687 30
internal_value=0 0.0343913 0.0545921 0.043372 -0.00229311 0.00024414 0.060124
internal_weight=0 483 237 214 7234 5220 167
internal_count=7717 483 237 214 7234 5220 167
is_linear=0
shrinkage=0.015


Tree=40
num_leaves=8
num_cat=0
split_feature=30 27 20 31 5 3 2
split_gain=2627.56 816.859 1176.43 918.196 528.938 469.109 468.396
threshold=1.0000000180025095e-35 2.5000000000000004 65.500000000000014 46.500000000000007 5.5000000000000009 79.000000000000014 1.5000000000000002
decision_type=2 2 2 2 2 2 2
left_child=4 2 3 -2 -1 -6 -5
right_child=1 -3 -4 6 5 -7 -8
leaf_value=-0.0054962145602541271 -0.015594535825100351 0.014645619784913412 0.15596046178237249 0.10580716609954834 0.018159148940282276 0.00036924157287045964 0.045384900375854138
leaf_weight=4420 47 246 23 38 387 2427 129
leaf_count=4420 47 246 23 38 387 2427 129
internal_value=0 0.0338764 0.0537741 0.0427214 -0.00225871 0.00282116 0.0592235
internal_weight=0 483 237 214 7234 2814 167
internal_count=7717 483 237 214 7234 2814 167
is_linear=0
shrinkage=0.015


Tree=41
num_leaves=8
num_cat=0
split_feature=30 30 12 21 16 31 21
split_gain=2549.45 798.878 517.438 484.526 466.354 369.762 367.292
threshold=1.0000000180025095e-35 2.5000000000000004 1.5000000000000002 33.750000000000007 232.50000000000003 60.500000000000007 22.883116883116887
decision_type=2 2 2 2 2 2 2
left_child=2 3 4 6 -1 -3 -2
right_child=1 5 -4 -5 -6 -7 -8
leaf_value=-0.0028308237086535513 0.029455736613479153 0.049884596196087927 -0.0086835672986779692 0.091547175693511965 0.0067551969718706983 0.13831769000400196 -0.0089760036631063977
leaf_weight=3533 348 22 2014 25 1687 22 66
leaf_count=3533 348 22 2014 25 1687 22 66
internal_value=0 0.0333692 -0.00222477 0.0272138 0.000264314 0.0944421 0.0232927
internal_weight=0 483 7234 439 5220 44 414
internal_count=7717 483 7234 439 5220 44 414
is_linear=0
shrinkage=0.015


Tree=42
num_leaves=8
num_cat=0
split_feature=30 27 20 31 5 31 32
split_gain=2473.67 787.703 1132.27 888.471 509.806 460.345 606.324
threshold=1.0000000180025095e-35 2.5000000000000004 65.500000000000014 46.500000000000007 5.5000000000000009 106.50000000000001 15.500000000000002
decision_type=2 2 2 2 2 2 2
left_child=4 2 3 -2 -1 -5 -7
right_child=1 -3 -4 5 -6 6 -8
leaf_value=-0.0053698401221862202 -0.01579825720888503 0.01398423548151807 0.15266136475231337 0.084856621491444573 0.0027957057851209824 0.084468519582467927 0.0038624190432684762
leaf_weight=4420 47 246 23 77 2814 34 56
leaf_count=4420 47 246 23 77 2814 34 56
internal_value=0 0.0328696 0.0524088 0.0415639 -0.0021914 0.0577975 0.0344803
internal_weight=0 483 237 214 7234 167 90
internal_count=7717 483 237 214 7234 167 90
is_linear=0
shrinkage=0.015


Tree=43
num_leaves=8
num_cat=0
split_feature=30 27 20 31 7 2 25
split_gain=2400.21 764.261 1098.43 862.163 500.614 447.43 954.813
threshold=1.0000000180025095e-35 2.5000000000000004 65.500000000000014 46.500000000000007 77.500000000000014 1.5000000000000002 22.535714285714288
decision_type=2 2 2 2 2 2 2
left_child=4 2 3 -2 -1 -5 -7
right_child=1 -3 -4 5 -6 6 -8
leaf_value=-0.0078799764267576296 -0.015561284156555824 0.013774472242448387 0.15037144598753555 0.10246276410002457 0.00056029018055706883 0.076419594700519844 -0.0067933593076818129
leaf_weight=2332 47 246 23 38 4902 78 51
leaf_count=2332 47 246 23 38 4902 78 51
internal_value=0 0.0323779 0.0516245 0.0409415 -0.0021585 0.0569332 0.0434052
internal_weight=0 483 237 214 7234 167 129
internal_count=7717 483 237 214 7234 167 129
is_linear=0
shrinkage=0.015


Tree=44
num_leaves=8
num_cat=0
split_feature=30 30 5 21 17 0 22
split_gain=2328.8 748.002 490.299 478.696 459.705 410.043 526.115
threshold=1.0000000180025095e-35 2.5000000000000004 5.5000000000000009 11.708333333333334 88.375000000000014 9484.5000000000018 34.500000000000007
decision_type=2 2 2 2 2 2 2
left_child=2 3 -1 -2 -4 -5 -7
right_child=1 -3 4 5 -6 6 -8
leaf_value=-0.0052431597098101315 0.0072208567209296175 0.090991306250745585 -0.0026245900172336845 -0.013598578962786443 0.009578177782069066 0.002595192003250122 0.057982967157712145
leaf_weight=4420 182 44 1570 29 1244 50 178
leaf_count=4420 182 44 1570 29 1244 50 178
internal_value=0 0.0318927 -0.00212609 0.0259352 0.00276462 0.0391298 0.0459023
internal_weight=0 483 7234 439 2814 257 228
internal_count=7717 483 7234 439 2814 257 228
is_linear=0
shrinkage=0.015


Tree=45
num_leaves=8
num_cat=0
split_feature=30 27 20 31 12 16 31
split_gain=2259.59 734.365 1055.47 838.317 482.512 447.254 439.97
threshold=1.0000000180025095e-35 2.5000000000000004 65.500000000000014 46.500000000000007 1.5000000000000002 232.50000000000003 106.50000000000001
decision_type=2 2 2 2 2 2 2
left_child=4 2 3 -2 5 -1 -5
right_child=1 -3 -4 6 -6 -7 -8
leaf_value=-0.0027216714952102033 -0.015907115403642046 0.013178188023043842 0.14708117117052494 0.082030713836868094 -0.0083312585887747922 0.006665917483567485 0.032779305934906008
leaf_weight=3533 47 246 23 77 2014 1687 90
leaf_count=3533 47 246 23 77 2014 1687 90
internal_value=0 0.0314153 0.0502816 0.0398078 -0.0020942 0.000309337 0.0555779
internal_weight=0 483 237 214 7234 5220 167
internal_count=7717 483 237 214 7234 5220 167
is_linear=0
shrinkage=0.015


Tree=46
num_leaves=8
num_cat=0
split_feature=30 30 3 21 28 21 25
split_gain=2192.43 714.146 475.07 458.968 416.869 412.856 701.91
threshold=1.0000000180025095e-35 2.5000000000000004 79.000000000000014 11.708333333333334 1.0000000180025095e-35 17.450000000000003 19.944444444444446
decision_type=2 2 2 2 2 2 2
left_child=2 3 4 -2 -1 6 -5
right_child=1 -3 -4 5 -6 -7 -8
leaf_value=0.014613869359781002 0.0067968022364836471 0.08869257298382846 -0.0034903486297741346 0.031615212331079452 -0.0086527388797530639 0.021039543027679124 0.11023300194740294
leaf_weight=638 182 44 6359 73 237 144 40
leaf_count=638 182 44 6359 73 237 144 40
internal_value=0 0.030945 -0.00206278 0.0251229 0.0082948 0.0380425 0.0595773
internal_weight=0 483 7234 439 875 257 113
internal_count=7717 483 7234 439 875 257 113
is_linear=0
shrinkage=0.015


Tree=47
num_leaves=8
num_cat=0
split_feature=30 27 20 31 5 3 30
split_gain=2127.4 708.17 1016.99 813.323 469.772 440.129 430.309
threshold=1.0000000180025095e-35 2.5000000000000004 65.500000000000014 46.500000000000007 5.5000000000000009 79.000000000000014 1.5000000000000002
decision_type=2 2 2 2 2 2 2
left_child=4 2 3 -2 -1 -6 -5
right_child=1 -3 -4 6 5 -7 -8
leaf_value=-0.0050830127446495031 -0.016149934111757479 0.01257292289559434 0.1440299001465673 0.042809247587719097 0.017612107135066689 0.00038017530929025526 0.10605576062202453
leaf_weight=4420 47 246 23 137 387 2427 30
leaf_count=4420 47 246 23 137 387 2427 30
internal_value=0 0.0304826 0.0490092 0.0387266 -0.00203184 0.00275536 0.0542607
internal_weight=0 483 237 214 7234 2814 167
internal_count=7717 483 237 214 7234 2814 167
is_linear=0
shrinkage=0.015


Tree=48
num_leaves=8
num_cat=0
split_feature=30 27 20 31 7 2 25
split_gain=2064.17 687.061 986.609 789.214 463.373 425.667 927.588
threshold=1.0000000180025095e-35 2.5000000000000004 65.500000000000014 46.500000000000007 77.500000000000014 1.5000000000000002 22.535714285714288
decision_type=2 2 2 2 2 2 2
left_child=4 2 3 -2 -1 -5 -7
right_child=1 -3 -4 5 -6 6 -8
leaf_value=-0.0075059350296267108 -0.015907683917816648 0.01238432897300255 0.14186945417652957 0.097849475364936017 0.00061432483785009439 0.072798920182081367 -0.0092304738830117621
leaf_weight=2332 47 246 23 38 4902 78 51
leaf_count=2332 47 246 23 38 4902 78 51
internal_value=0 0.0300263 0.048275 0.0381457 -0.0020013 0.0534482 0.0402524
internal_weight=0 483 237 214 7234 167 129
internal_count=7717 483 237 214 7234 167 129
is_linear=0
shrinkage=0.015


Tree=49
num_leaves=8
num_cat=0
split_feature=30 27 20 31 12 16 31
split_gain=2002.76 666.545 957.157 765.79 451.926 434.157 421.856
threshold=1.0000000180025095e-35 2.5000000000000004 65.500000000000014 46.500000000000007 1.5000000000000002 232.50000000000003 106.50000000000001
decision_type=2 2 2 2 2 2 2
left_child=4 2 3 -2 5 -1 -5
right_child=1 -3 -4 6 -6 -7 -8
leaf_value=-0.002631446906267129 -0.015669069277479294 0.012198563872314081 0.13974141037982443 0.078544518870192689 -0.0080074572144399926 0.0066175981257254367 0.03032251175244649
leaf_weight=3533 47 246 23 77 2014 1687 90
leaf_count=3533 47 246 23 77 2014 1687 90
internal_value=0 0.0295764 0.0475509 0.0375725 -0.00197125 0.000354787 0.0526464
internal_weight=0 483 237 214 7234 5220 167
internal_count=7717 483 237 214 7234 5220 167
is_linear=0
shrinkage=0.015


Tree=50
num_leaves=8
num_cat=0
split_feature=30 30 5 21 17 21 25
split_gain=1943.25 654.452 448.826 433.694 433.212 410.673 678.893
threshold=1.0000000180025095e-35 2.5000000000000004 5.5000000000000009 11.708333333333334 88.375000000000014 17.450000000000003 19.944444444444446
decision_type=2 2 2 2 2 2 2
left_child=2 3 -1 -2 -4 6 -5
right_child=1 -3 4 5 -6 -7 -8
leaf_value=-0.0049241016643349405 0.0057436684625489362 0.084418142112818631 -0.0024938278095737385 0.030085859935577601 0.0093518542524702666 0.019162627731760341 0.10740360161662102
leaf_weight=4420 182 44 1570 73 1244 144 40
leaf_count=4420 182 44 1570 73 1244 144 40
internal_value=0 0.0291337 -0.00194168 0.0235585 0.00273753 0.0361161 0.0575877
internal_weight=0 483 7234 439 2814 257 113
internal_count=7717 483 7234 439 2814 257 113
is_linear=0
shrinkage=0.015


Tree=51
num_leaves=8
num_cat=0
split_feature=30 27 20 31 3 30 29
split_gain=1885.61 642.769 922.285 742.979 447.776 410.273 487.771
threshold=1.0000000180025095e-35 2.5000000000000004 65.500000000000014 46.500000000000007 79.000000000000014 1.5000000000000002 8.5000000000000018
decision_type=2 2 2 2 2 2 2
left_child=4 2 3 -2 -1 6 -5
right_child=1 -3 -4 5 -6 -7 -8
leaf_value=0.0081430741197722305 -0.015888257039354203 0.011632588389443187 0.13684715618257937 0.054593731372728257 -0.0032985737551906457 0.10197146463394165 -0.015207552782126836
leaf_weight=875 47 246 23 109 6359 30 28
leaf_count=875 47 246 23 109 6359 30 28
internal_value=0 0.0286986 0.0463493 0.0365528 -0.00191256 0.0514015 0.0402183
internal_weight=0 483 237 214 7234 167 137
internal_count=7717 483 237 214 7234 167 137
is_linear=0
shrinkage=0.015


Tree=52
num_leaves=8
num_cat=0
split_feature=30 27 20 31 5 17 31
split_gain=1829.52 623.574 894.752 720.929 434.916 420.216 409.12
threshold=1.0000000180025095e-35 2.5000000000000004 65.500000000000014 46.500000000000007 5.5000000000000009 88.375000000000014 106.50000000000001
decision_type=2 2 2 2 2 2 2
left_child=4 2 3 -2 -1 -6 -5
right_child=1 -3 -4 6 5 -7 -8
leaf_value=-0.0048197103791377122 -0.015649932762409779 0.011458099048312118 0.13479444887327111 0.076131502900804782 -0.0024298980496111947 0.0092366362104366068 0.02864625104268392
leaf_weight=4420 47 246 23 77 1570 1244 90
leaf_count=4420 47 246 23 77 1570 1244 90
internal_value=0 0.0282685 0.0456541 0.0360035 -0.00188384 0.00272226 0.0506305
internal_weight=0 483 237 214 7234 2814 167
internal_count=7717 483 237 214 7234 2814 167
is_linear=0
shrinkage=0.015


Tree=53
num_leaves=8
num_cat=0
split_feature=30 30 3 21 28 21 25
split_gain=1775.16 610.858 433.811 412.938 393.886 373.045 681.359
threshold=1.0000000180025095e-35 2.5000000000000004 79.000000000000014 33.750000000000007 1.0000000180025095e-35 22.883116883116887 19.944444444444446
decision_type=2 2 2 2 2 2 2
left_child=2 3 4 5 -1 6 -2
right_child=1 -3 -4 -5 -6 -7 -8
leaf_value=0.014184642450936534 0.012209089332678186 0.081259593584320763 -0.0032198446244352886 0.081838944053649901 -0.0084307096125204352 -0.013713386194272474 0.0595949945614693
leaf_weight=638 254 44 6359 25 237 66 94
leaf_count=638 254 44 6359 25 237 66 94
internal_value=0 0.0278454 -0.00185558 0.0224577 0.00804197 0.0188356 0.0250518
internal_weight=0 483 7234 439 875 414 348
internal_count=7717 483 7234 439 875 414 348
is_linear=0
shrinkage=0.015


Tree=54
num_leaves=8
num_cat=0
split_feature=30 25 14 24 31 26 31
split_gain=1722.41 598.913 686.894 499.906 446.332 648.728 1002.05
threshold=1.0000000180025095e-35 14.690476190476192 4241.5000000000009 111.50000000000001 74.500000000000014 3.5000000000000004 94.500000000000014
decision_type=2 2 2 2 2 2 2
left_child=-1 -2 4 -4 -3 6 -6
right_child=1 2 3 -5 5 -7 -8
leaf_value=-0.001827746758745756 0.0070366171873532807 -0.003373219072818756 0.11952999322037948 0.027287428038460865 0.12272041150501797 0.10337785888463258 0.0094377882047133009
leaf_weight=7234 195 66 38 21 21 32 110
leaf_count=7234 195 66 38 21 21 32 110
internal_value=0 0.0274287 0.0411838 0.0869521 0.0293264 0.0426588 0.0277121
internal_weight=0 483 288 59 229 163 131
internal_count=7717 483 288 59 229 163 131
is_linear=0
shrinkage=0.015


Tree=55
num_leaves=8
num_cat=0
split_feature=30 27 20 31 12 16 2
split_gain=1671.35 591.912 852.947 693.056 429.025 410.718 398.725
threshold=1.0000000180025095e-35 2.5000000000000004 65.500000000000014 46.500000000000007 1.5000000000000002 232.50000000000003 1.5000000000000002
decision_type=2 2 2 2 2 2 2
left_child=4 2 3 -2 5 -1 -5
right_child=1 -3 -4 6 -6 -7 -8
leaf_value=-0.0024383854977375313 -0.016111204040811417 0.010639884806260829 0.13099153643069059 0.091837616029538605 -0.0076817252391499814 0.0065573320536480616 0.036104029056637781
leaf_weight=3533 47 246 23 38 2014 1687 129
leaf_count=3533 47 246 23 38 2014 1687 129
internal_value=0 0.0270191 0.0439571 0.0345328 -0.00180033 0.000465978 0.0488757
internal_weight=0 483 237 214 7234 5220 167
internal_count=7717 483 237 214 7234 5220 167
is_linear=0
shrinkage=0.015


Tree=56
num_leaves=8
num_cat=0
split_feature=30 27 20 31 3 2 25
split_gain=1621.69 574.268 827.464 672.516 419.618 386.757 901.954
threshold=1.0000000180025095e-35 2.5000000000000004 65.500000000000014 46.500000000000007 79.000000000000014 1.5000000000000002 22.535714285714288
decision_type=2 2 2 2 2 2 2
left_child=4 2 3 -2 -1 -5 -7
right_child=1 -3 -4 5 -6 6 -8
leaf_value=0.007960968942301614 -0.015869535258475769 0.010480286042864729 0.12902666174847147 0.090460052396121773 -0.0031151259328363302 0.067666213833368738 -0.013243260593975292
leaf_weight=875 47 246 23 38 6359 78 51
leaf_count=875 47 246 23 38 6359 78 51
internal_value=0 0.0266148 0.0432987 0.0340148 -0.00177333 0.048144 0.0355625
internal_weight=0 483 237 214 7234 167 129
internal_count=7717 483 237 214 7234 167 129
is_linear=0
shrinkage=0.015


Tree=57
num_leaves=8
num_cat=0
split_feature=30 25 14 24 31 26 31
split_gain=1573.45 569.535 646.428 491.919 425.669 630.731 962.398
threshold=1.0000000180025095e-35 14.690476190476192 4241.5000000000009 111.50000000000001 74.500000000000014 3.5000000000000004 94.500000000000014
decision_type=2 2 2 2 2 2 2
left_child=-1 -2 4 -4 -3 6 -6
right_child=1 2 3 -5 5 -7 -8
leaf_value=-0.0017466946199169665 0.0063292882075676555 -0.00380784584717317 0.11633897014354405 0.024854898452758786 0.11951207024710518 0.1010123997554183 0.0084950862797823819
leaf_weight=7234 195 66 38 21 21 32 110
leaf_count=7234 195 66 38 21 21 32 110
internal_value=0 0.026216 0.0396289 0.0840311 0.0281235 0.0411448 0.0264062
internal_weight=0 483 288 59 229 163 131
internal_count=7717 483 288 59 229 163 131
is_linear=0
shrinkage=0.015


Tree=58
num_leaves=8
num_cat=0
split_feature=30 30 5 17 21 21 25
split_gain=1526.81 555.321 416.12 401.781 376.633 363.075 637.451
threshold=1.0000000180025095e-35 2.5000000000000004 5.5000000000000009 88.375000000000014 33.750000000000007 22.883116883116887 19.944444444444446
decision_type=2 2 2 2 2 2 2
left_child=2 4 -1 -4 5 6 -2
right_child=1 -3 3 -5 -6 -7 -8
leaf_value=-0.0045923057665787125 0.010936002189249503 0.076754469329660596 -0.0022526241633922433 0.0091547883658930421 0.077397230243682863 -0.014892170645973897 0.056769289723102086
leaf_weight=4420 254 44 1570 1244 25 66 94
leaf_count=4420 254 44 1570 1244 25 66 94
internal_value=0 0.0258246 -0.00172049 0.00278498 0.0206859 0.0172251 0.0233594
internal_weight=0 483 7234 2814 439 414 348
internal_count=7717 483 7234 2814 439 414 348
is_linear=0
shrinkage=0.015


Tree=59
num_leaves=8
num_cat=0
split_feature=30 27 20 31 12 28 3
split_gain=1481.45 544.993 788.954 646.472 411.779 400.853 606.74
threshold=1.0000000180025095e-35 2.5000000000000004 65.500000000000014 46.500000000000007 1.5000000000000002 1.0000000180025095e-35 79.000000000000014
decision_type=2 2 2 2 2 2 2
left_child=4 2 3 -2 5 6 -1
right_child=1 -3 -4 -5 -6 -7 -8
leaf_value=0.017643299183451141 -0.016284098473001034 0.0097191924365555363 0.12540156561395396 0.046478128468918939 -0.0074567351908290747 -0.0074329177222226296 0.00046702181466487275
leaf_weight=532 47 246 23 167 2014 1118 3570
leaf_count=532 47 246 23 167 2014 1118 3570
internal_value=0 0.0254382 0.0416908 0.0326238 -0.00169469 0.000525575 0.00269832
internal_weight=0 483 237 214 7234 5220 4102
internal_count=7717 483 237 214 7234 5220 4102
is_linear=0
shrinkage=0.015


Tree=60
num_leaves=8
num_cat=0
split_feature=30 25 14 24 31 26 31
split_gain=1437.39 535.725 610.703 479.903 409.832 611.339 929.558
threshold=1.0000000180025095e-35 14.690476190476192 4241.5000000000009 111.50000000000001 74.500000000000014 3.5000000000000004 94.500000000000014
decision_type=2 2 2 2 2 2 2
left_child=-1 -2 4 -4 -3 6 -6
right_child=1 2 3 -5 5 -7 -8
leaf_value=-0.0016692350145644629 0.0057677991665326632 -0.0044511903957887124 0.11312918101486406 0.02277861271585737 0.11664658648627145 0.098595981448888773 0.0075429628437215625
leaf_weight=7234 195 66 38 21 21 32 110
leaf_count=7234 195 66 38 21 21 32 110
internal_value=0 0.0250571 0.0380655 0.0812247 0.0268803 0.0396587 0.0251474
internal_weight=0 483 288 59 229 163 131
internal_count=7717 483 288 59 229 163 131
is_linear=0
shrinkage=0.015


Tree=61
num_leaves=8
num_cat=0
split_feature=30 30 27 21 21 25 2
split_gain=1394.79 523.437 406.256 356.033 411.227 618.907 612.666
threshold=1.0000000180025095e-35 2.5000000000000004 54.500000000000007 11.708333333333334 17.450000000000003 19.944444444444446 1.5000000000000002
decision_type=2 2 2 2 2 2 2
left_child=2 3 -1 -2 5 -5 -6
right_child=1 -3 -4 4 6 -7 -8
leaf_value=-0.0024427521834961214 0.0035475262508287532 0.074130494648760023 0.01420970336464099 0.026271983458571235 0.074441745698451994 0.10009516605734824 -0.0016260204503410741
leaf_weight=6888 182 44 346 73 30 40 114
leaf_count=6888 182 44 346 73 30 40 114
internal_value=0 0.0246831 -0.0016442 0.0196929 0.0310683 0.0525368 0.0141173
internal_weight=0 483 7234 439 257 113 144
internal_count=7717 483 7234 439 257 113 144
is_linear=0
shrinkage=0.015


Tree=62
num_leaves=8
num_cat=0
split_feature=30 27 20 31 7 28 3
split_gain=1353.4 518.661 756.322 621.41 398.787 394.741 563.29
threshold=1.0000000180025095e-35 2.5000000000000004 65.500000000000014 46.500000000000007 77.500000000000014 1.0000000180025095e-35 79.000000000000014
decision_type=2 2 2 2 2 2 2
left_child=4 2 3 -2 -1 6 -6
right_child=1 -3 -4 -5 5 -7 -8
leaf_value=-0.0067263571643246586 -0.016659647492652245 0.0089787309344221897 0.12213021195453146 0.044874403812214289 0.017290305605765138 -0.0075394678708353797 0.00069846926974440602
leaf_weight=2332 47 246 23 167 534 1011 3357
leaf_count=2332 47 246 23 167 534 1011 3357
internal_value=0 0.0243143 0.0401688 0.0312898 -0.0016195 0.000806892 0.00297938
internal_weight=0 483 237 214 7234 4902 3891
internal_count=7717 483 237 214 7234 4902 3891
is_linear=0
shrinkage=0.015


Tree=63
num_leaves=8
num_cat=0
split_feature=30 27 20 31 27 31 32
split_gain=1313.15 503.17 733.741 602.969 390.704 362.449 564.218
threshold=1.0000000180025095e-35 2.5000000000000004 65.500000000000014 46.500000000000007 54.500000000000007 106.50000000000001 15.500000000000002
decision_type=2 2 2 2 2 2 2
left_child=4 2 3 -2 -1 -5 -7
right_child=1 -3 -4 5 -6 6 -8
leaf_value=-0.0023783387001019736 -0.016409752736700343 0.0088440503652502857 0.12029825915461001 0.068195619784392328 0.013952228146998178 0.071738365678226237 -0.0055098583229950494
leaf_weight=6888 47 246 23 77 346 34 56
leaf_count=6888 47 246 23 77 346 34 56
internal_value=0 0.02395 0.0395663 0.0308194 -0.00159518 0.0442013 0.0235061
internal_weight=0 483 237 214 7234 167 90
internal_count=7717 483 237 214 7234 167 90
is_linear=0
shrinkage=0.015


Tree=64
num_leaves=8
num_cat=0
split_feature=30 25 14 24 31 26 31
split_gain=1274.09 494.706 570.726 470.77 391.872 590.669 885.384
threshold=1.0000000180025095e-35 14.690476190476192 4241.5000000000009 111.50000000000001 74.500000000000014 3.5000000000000004 94.500000000000014
decision_type=2 2 2 2 2 2 2
left_child=-1 -2 4 -4 -3 6 -6
right_child=1 2 3 -5 5 -7 -8
leaf_value=-0.0015712203575261627 0.0050527526323611918 -0.0053621111132881854 0.10940343486635308 0.01993986998285566 0.112801947082792 0.09570082236081362 0.0063257970701564442
leaf_weight=7234 195 66 38 21 21 32 110
leaf_count=7234 195 66 38 21 21 32 110
internal_value=0 0.0235912 0.0360912 0.0778147 0.025276 0.0377736 0.023509
internal_weight=0 483 288 59 229 163 131
internal_count=7717 483 288 59 229 163 131
is_linear=0
shrinkage=0.015


Tree=65
num_leaves=8
num_cat=0
split_feature=30 30 12 16 21 21 25
split_gain=1236.34 484.607 386.286 385.595 338.368 357.213 575.694
threshold=1.0000000180025095e-35 2.5000000000000004 1.5000000000000002 232.50000000000003 33.750000000000007 22.883116883116887 19.944444444444446
decision_type=2 2 2 2 2 2 2
left_child=2 4 3 -1 5 6 -2
right_child=1 -3 -4 -5 -6 -7 -8
leaf_value=-0.0022112311380226013 0.0094326176019165452 0.07081851677461104 -0.0071285893592720828 0.006504768778144359 0.072186229705810553 -0.016713051308285105 0.052989868686554281
leaf_weight=3533 254 44 2014 1687 25 66 94
leaf_count=3533 254 44 2014 1687 25 66 94
internal_value=0 0.0232392 -0.00154765 0.000602733 0.0184363 0.0151543 0.0212412
internal_weight=0 483 7234 5220 439 414 348
internal_count=7717 483 7234 5220 439 414 348
is_linear=0
shrinkage=0.015


Tree=66
num_leaves=8
num_cat=0
split_feature=30 27 20 29 2 25 5
split_gain=1199.62 477.458 699.873 585.956 790.934 714.508 381.479
threshold=1.0000000180025095e-35 2.5000000000000004 65.500000000000014 8.5000000000000018 1.5000000000000002 22.535714285714288 5.5000000000000009
decision_type=2 2 2 2 2 2 2
left_child=6 2 3 4 -2 -6 -1
right_child=1 -3 -4 -5 5 -7 -8
leaf_value=-0.0042742315401993183 0.12011514796151054 0.0081754721737489471 0.11695114374160766 -0.0062310043884360265 0.060911413690318224 -0.013785223085053111 0.0027893835639775685
leaf_weight=4420 27 246 23 69 69 49 2814
leaf_count=4420 27 246 23 69 69 49 2814
internal_value=0 0.0228916 0.0381032 0.0295588 0.0466932 0.0297662 -0.00152444
internal_weight=0 483 237 214 145 118 7234
internal_count=7717 483 237 214 145 118 7234
is_linear=0
shrinkage=0.015


Tree=67
num_leaves=8
num_cat=0
split_feature=30 25 14 24 3 31 4
split_gain=1163.94 466.55 538.421 458.889 380.448 380.19 577.426
threshold=1.0000000180025095e-35 14.690476190476192 4241.5000000000009 111.50000000000001 79.000000000000014 74.500000000000014 452.50000000000006
decision_type=2 2 2 2 2 2 2
left_child=4 -2 5 -4 -1 -3 -7
right_child=1 2 3 -5 -6 6 -8
leaf_value=0.0077673640966415399 0.0045438075432410602 -0.0059984447468410841 0.10639597205739272 0.018076568501336234 -0.0027793017343766919 0.01271532516926527 0.070336243341218185
leaf_weight=875 195 66 38 21 6359 96 67
leaf_count=875 195 66 38 21 6359 96 67
internal_value=0 0.0225487 0.0346874 0.0752145 -0.00150154 0.0241804 0.036492
internal_weight=0 483 288 59 7234 229 163
internal_count=7717 483 288 59 7234 229 163
is_linear=0
shrinkage=0.015


Tree=68
num_leaves=8
num_cat=0
split_feature=30 30 27 31 21 21 25
split_gain=1129.42 458.077 371.482 318.791 318.713 346.276 547.15
threshold=1.0000000180025095e-35 2.5000000000000004 54.500000000000007 60.500000000000007 33.750000000000007 22.883116883116887 19.944444444444446
decision_type=2 2 2 2 2 2 2
left_child=2 4 -1 -3 5 6 -2
right_child=1 3 -4 -5 -6 -7 -8
leaf_value=-0.002242693835058175 0.0088353350547354988 0.027182118350809269 0.013681204698850653 0.109078449010849 0.069707607078552239 -0.017022363164208153 0.051299867756823277
leaf_weight=6888 254 22 346 22 25 66 94
leaf_count=6888 254 22 346 22 25 66 94
internal_value=0 0.0222118 -0.00147899 0.0684712 0.0175412 0.0143548 0.0203487
internal_weight=0 483 7234 44 439 414 348
internal_count=7717 483 7234 44 439 414 348
is_linear=0
shrinkage=0.015


Tree=69
num_leaves=8
num_cat=0
split_feature=30 27 20 29 2 19 31
split_gain=1095.92 452.078 670.096 565.475 757.772 701.494 380.46
threshold=1.0000000180025095e-35 2.5000000000000004 65.500000000000014 8.5000000000000018 1.5000000000000002 15.500000000000002 78.500000000000014
decision_type=2 2 2 2 2 2 2
left_child=-1 2 3 4 -2 6 -6
right_child=1 -3 -4 -5 5 -7 -8
leaf_value=-0.0014567695703704545 0.11701989107661777 0.0075591694799865168 0.11383400512778241 -0.0068391338120336112 0.0018395534387001624 -0.03239282052363119 0.070967769525090207
leaf_weight=7234 27 246 23 69 26 31 61
leaf_count=7234 27 246 23 69 26 31 61
internal_value=0 0.02188 0.0366815 0.0283193 0.0451533 0.0285821 0.0504812
internal_weight=0 483 237 214 145 118 87
internal_count=7717 483 237 214 145 118 87
is_linear=0
shrinkage=0.015


Tree=70
num_leaves=8
num_cat=0
split_feature=30 27 20 31 7 28 3
split_gain=1063.37 438.603 650.072 553.75 369.791 376.833 534.478
threshold=1.0000000180025095e-35 2.5000000000000004 65.500000000000014 46.500000000000007 77.500000000000014 1.0000000180025095e-35 79.000000000000014
decision_type=2 2 2 2 2 2 2
left_child=4 2 3 -2 -1 6 -6
right_child=1 -3 -4 -5 5 -7 -8
leaf_value=-0.0063527480577395051 -0.017365397405117115 0.0074457829173018289 0.11212649283201798 0.040722098907310808 0.0169645854680056 -0.007253029063476653 0.00080224453497401715
leaf_weight=2332 47 246 23 167 534 1011 3357
leaf_count=2332 47 246 23 167 534 1011 3357
internal_value=0 0.0215528 0.0361322 0.0278945 -0.00143492 0.000901553 0.00302422
internal_weight=0 483 237 214 7234 4902 3891
internal_count=7717 483 237 214 7234 4902 3891
is_linear=0
shrinkage=0.015


Tree=71
num_leaves=8
num_cat=0
split_feature=30 25 14 24 31 26 31
split_gain=1031.75 432.434 501.643 446.648 362.483 570.203 840.674
threshold=1.0000000180025095e-35 14.690476190476192 4241.5000000000009 111.50000000000001 74.500000000000014 3.5000000000000004 94.500000000000014
decision_type=2 2 2 2 2 2 2
left_child=-1 -2 4 -4 -3 6 -6
right_child=1 2 3 -5 5 -7 -8
leaf_value=-0.0014133628614335419 0.0038938561402834379 -0.0066962275992740287 0.10278964237162942 0.015671158007213047 0.10777656589235579 0.09169727180153131 0.00403628793629733
leaf_weight=7234 195 66 38 21 21 32 110
leaf_count=7234 195 66 38 21 21 32 110
internal_value=0 0.0212299 0.0329158 0.0720356 0.0227714 0.0347952 0.0207809
internal_weight=0 483 288 59 229 163 131
internal_count=7717 483 288 59 229 163 131
is_linear=0
shrinkage=0.015


Tree=72
num_leaves=8
num_cat=0
split_feature=30 30 5 17 29 21 21
split_gain=1001.2 425.149 360.352 373.755 311.021 296.052 336.682
threshold=1.0000000180025095e-35 2.5000000000000004 5.5000000000000009 88.375000000000014 15.500000000000002 33.750000000000007 22.883116883116887
decision_type=2 2 2 2 2 2 2
left_child=2 5 -1 -4 -3 6 -2
right_child=1 4 3 -5 -6 -7 -8
leaf_value=-0.004064808410959006 0.019251604789289934 0.022822592258453366 -0.0020578771899839874 0.0089440654184657267 0.10377595331357872 0.066690072154998781 -0.01760270744562149
leaf_weight=4420 348 21 1570 1244 23 25 66
leaf_count=4420 348 21 1570 1244 23 25 66
internal_value=0 0.0209134 -0.00139216 0.00280048 0.06548 0.0164124 0.01334
internal_weight=0 483 7234 2814 44 439 414
internal_count=7717 483 7234 2814 44 439 414
is_linear=0
shrinkage=0.015


Tree=73
num_leaves=8
num_cat=0
split_feature=22 21 11 2 17 32 2
split_gain=980.977 614.894 511.068 615.263 445.657 351.591 350.007
threshold=33.500000000000007 7.2788461538461542 1.0000000180025095e-35 1.5000000000000002 635.30555555555566 57.500000000000007 3.5000000000000004
decision_type=2 2 2 2 2 2 2
left_child=6 -2 3 4 -3 -5 -1
right_child=1 2 -4 5 -6 -7 -8
leaf_value=0.00021054170058211168 -0.0028810832788918744 0.028185022100806235 -0.0080655449755110981 0.026185709828330624 0.10256244493942511 -0.0036290015485308585 -0.0071371906957495099
leaf_weight=4397 374 36 118 465 38 109 2180
leaf_count=4397 374 36 118 465 38 109 2180
internal_value=0 0.0128496 0.0205497 0.0257837 0.0665815 0.0204979 -0.00222264
internal_weight=0 1140 766 648 74 574 6577
internal_count=7717 1140 766 648 74 574 6577
is_linear=0
shrinkage=0.015


Tree=74
num_leaves=8
num_cat=0
split_feature=22 21 11 2 16 2 32
split_gain=952.028 624.601 507.019 502.037 496.689 328.309 312.905
threshold=32.500000000000007 7.2788461538461542 1.0000000180025095e-35 1.5000000000000002 2036.5000000000002 3.5000000000000004 57.500000000000007
decision_type=2 2 2 2 2 2 2
left_child=5 -2 3 4 -3 -1 -5
right_child=1 2 -4 6 -6 -7 -8
leaf_value=0.0001383976790494834 -0.0031491720587402193 0.035365240810052399 -0.0080009737635446977 0.025883214666119102 0.11828916713595389 -0.0069940635781683682 -0.0017721233549898704
leaf_weight=4377 385 53 121 474 24 2170 113
leaf_count=4377 385 53 121 474 24 2170 113
internal_value=0 0.0124668 0.0201447 0.0252962 0.0614065 -0.00222336 0.0205339
internal_weight=0 1170 785 664 77 6547 587
internal_count=7717 1170 785 664 77 6547 587
is_linear=0
shrinkage=0.015


Tree=75
num_leaves=8
num_cat=0
split_feature=22 21 11 2 16 2 32
split_gain=923.653 606.028 491.973 487.119 481.779 318.538 303.629
threshold=32.500000000000007 7.2788461538461542 1.0000000180025095e-35 1.5000000000000002 2036.5000000000002 3.5000000000000004 57.500000000000007
decision_type=2 2 2 2 2 2 2
left_child=5 -2 3 4 -3 -1 -5
right_child=1 2 -4 6 -6 -7 -8
leaf_value=0.00013632180982456376 -0.0031019342185614946 0.034834761119113773 -0.0078809591339639388 0.025494966821957236 0.11651483125984669 -0.0068891525562457777 -0.0017455416429886775
leaf_weight=4377 385 53 121 474 24 2170 113
leaf_count=4377 385 53 121 474 24 2170 113
internal_value=0 0.0122796 0.0198425 0.0249171 0.0604883 -0.00218998 0.0202255
internal_weight=0 1170 785 664 77 6547 587
internal_count=7717 1170 785 664 77 6547 587
is_linear=0
shrinkage=0.015


Tree=76
num_leaves=8
num_cat=0
split_feature=30 27 20 29 2 25 3
split_gain=900.7 407.399 601.583 543.408 693.656 690.19 354.978
threshold=1.0000000180025095e-35 2.5000000000000004 65.500000000000014 8.5000000000000018 1.5000000000000002 22.535714285714288 79.000000000000014
decision_type=2 2 2 2 2 2 2
left_child=6 2 3 4 -2 -6 -1
right_child=1 -3 -4 -5 5 -7 -8
leaf_value=0.0076329167359215867 0.11122659802436828 0.0062393915289785801 0.1069920892300813 -0.0085111432490141484 0.057222898524740468 -0.016206899686735502 -0.0025547565823269445
leaf_weight=875 27 246 23 69 69 49 6359
leaf_count=875 27 246 23 69 69 49 6359
internal_value=0 0.019836 0.0338857 0.0259584 0.0424646 0.0266037 -0.00132042
internal_weight=0 483 237 214 145 118 7234
internal_count=7717 483 237 214 145 118 7234
is_linear=0
shrinkage=0.015


Tree=77
num_leaves=8
num_cat=0
split_feature=22 21 11 2 17 32 2
split_gain=885.354 554.698 462.966 552.777 410.24 321.781 318.989
threshold=33.500000000000007 7.2788461538461542 1.0000000180025095e-35 1.5000000000000002 635.30555555555566 57.500000000000007 3.5000000000000004
decision_type=2 2 2 2 2 2 2
left_child=6 -2 3 4 -3 -5 -1
right_child=1 2 -4 5 -6 -7 -8
leaf_value=0.00021120977386144283 -0.0027318033691555422 0.026320058355728784 -0.0077098828288963287 0.024932233635456328 0.097702197244292813 -0.0035861779489648454 -0.006803260675264061
leaf_weight=4397 374 36 118 465 38 109 2180
leaf_count=4397 374 36 118 465 38 109 2180
internal_value=0 0.0122073 0.0195209 0.0245028 0.0631785 0.0194906 -0.00211151
internal_weight=0 1140 766 648 74 574 6577
internal_count=7717 1140 766 648 74 574 6577
is_linear=0
shrinkage=0.015


Tree=78
num_leaves=8
num_cat=0
split_feature=22 21 11 2 16 2 3
split_gain=858.975 564.487 459.569 446.886 454.703 298.844 293.316
threshold=32.500000000000007 7.2788461538461542 1.0000000180025095e-35 1.5000000000000002 2036.5000000000002 3.5000000000000004 79.000000000000014
decision_type=2 2 2 2 2 2 2
left_child=5 -2 3 4 -3 6 -1
right_child=1 2 -4 -5 -6 -7 -8
leaf_value=0.010230442606769832 -0.0030019529628289208 0.033190036438546087 -0.007650815717691232 0.019550507020655847 0.1125534575432539 -0.0066634938561009917 -0.0013501922077922481
leaf_weight=565 385 53 121 587 24 2170 3812
leaf_count=565 385 53 121 587 24 2170 3812
internal_value=0 0.0118419 0.0191411 0.0240459 0.0581215 -0.00211189 0.000141254
internal_weight=0 1170 785 664 77 6547 4377
internal_count=7717 1170 785 664 77 6547 4377
is_linear=0
shrinkage=0.015


Tree=79
num_leaves=8
num_cat=0
split_feature=22 21 11 2 17 32 7
split_gain=833.667 522.026 435.904 521.694 391.589 312.199 305.53
threshold=33.500000000000007 7.2788461538461542 1.0000000180025095e-35 1.5000000000000002 635.30555555555566 57.500000000000007 74.500000000000014
decision_type=2 2 2 2 2 2 2
left_child=-1 -2 3 4 -3 6 -5
right_child=1 2 -4 5 -6 -7 -8
leaf_value=-0.0020489510073430891 -0.0026457970282610724 0.025328202322125435 -0.007479472220954248 -0.0094228545056199119 0.09508093206506027 -0.0038256429860351279 0.028635030414149599
leaf_weight=6577 374 36 118 53 38 109 412
leaf_count=6577 374 36 118 53 38 109 412
internal_value=0 0.0118456 0.0189407 0.0237749 0.0613499 0.0189046 0.024265
internal_weight=0 1140 766 648 74 574 465
internal_count=7717 1140 766 648 74 574 465
is_linear=0
shrinkage=0.015


Tree=80
num_leaves=8
num_cat=0
split_feature=22 21 11 2 20 2 3
split_gain=808.908 531.973 433.006 419.895 436.148 289.942 284.587
threshold=32.500000000000007 7.2788461538461542 1.0000000180025095e-35 1.5000000000000002 33.500000000000007 3.5000000000000004 79.000000000000014
decision_type=2 2 2 2 2 2 2
left_child=5 -2 3 4 -3 6 -1
right_child=1 2 -4 -5 -6 -7 -8
leaf_value=0.010107719647673378 -0.0029174923316224828 0.021548705466091632 -0.0074258810478793685 0.018979874641667841 0.093614057866302697 -0.0065328072192070126 -0.0012992049035189159
leaf_weight=565 385 40 121 587 37 2170 3812
leaf_count=565 385 40 121 587 37 2170 3812
internal_value=0 0.0114915 0.0185775 0.0233386 0.0563723 -0.00204947 0.000169818
internal_weight=0 1170 785 664 77 6547 4377
internal_count=7717 1170 785 664 77 6547 4377
is_linear=0
shrinkage=0.015


Tree=81
num_leaves=8
num_cat=0
split_feature=30 27 20 29 2 25 24
split_gain=788.341 380.518 567.002 526.757 631.107 673.597 341.735
threshold=1.0000000180025095e-35 2.5000000000000004 65.500000000000014 8.5000000000000018 1.5000000000000002 22.535714285714288 26.500000000000004
decision_type=2 2 2 2 2 2 2
left_child=-1 2 3 4 -2 6 -6
right_child=1 -3 -4 -5 5 -7 -8
leaf_value=-0.0012353493668342908 0.10628850168652004 0.0054160345691006357 0.10310867444328639 -0.0095026581183723768 0.029349950967833049 -0.01673931284826629 0.098981821307769183
leaf_weight=7234 27 246 23 69 43 49 26
leaf_count=7234 27 246 23 69 43 49 26
internal_value=0 0.0185576 0.0321348 0.0244367 0.0406906 0.0255538 0.0558054
internal_weight=0 483 237 214 145 118 69
internal_count=7717 483 237 214 145 118 69
is_linear=0
shrinkage=0.015


Tree=82
num_leaves=8
num_cat=0
split_feature=22 21 11 2 17 32 7
split_gain=774.431 485.114 406.393 482.08 368.193 301.78 294.069
threshold=33.500000000000007 7.2788461538461542 1.0000000180025095e-35 1.5000000000000002 635.30555555555566 57.500000000000007 74.500000000000014
decision_type=2 2 2 2 2 2 2
left_child=-1 -2 3 4 -3 6 -5
right_child=1 2 -4 5 -6 -7 -8
leaf_value=-0.0019748443207408006 -0.0025514298139568316 0.024105193763971328 -0.0072502213615482126 -0.0095361064458793065 0.091758363811593302 -0.004106084081011081 0.02779979027735377
leaf_weight=6577 374 36 118 53 38 109 412
leaf_count=6577 374 36 118 53 38 109 412
internal_value=0 0.011417 0.0182567 0.0229246 0.0590487 0.0182414 0.023512
internal_weight=0 1140 766 648 74 574 465
internal_count=7717 1140 766 648 74 574 465
is_linear=0
shrinkage=0.015


Tree=83
num_leaves=8
num_cat=0
split_feature=22 21 11 2 16 4 7
split_gain=751.327 470.679 394.328 467.771 359.746 294.196 407.229
threshold=33.500000000000007 7.2788461538461542 1.0000000180025095e-35 1.5000000000000002 2036.5000000000002 302.50000000000006 74.500000000000014
decision_type=2 2 2 2 2 2 2
left_child=-1 -2 3 4 -3 -5 -7
right_child=1 2 -4 5 -6 6 -8
leaf_value=-0.0019452216341509288 -0.0025131581432838489 0.034804452037811281 -0.0071414681056798509 0.0044134133880448442 0.10621096715331077 -0.0088489065915346131 0.033882377663838496
leaf_weight=6577 374 50 118 223 24 60 291
leaf_count=6577 374 50 118 223 24 60 291
internal_value=0 0.0112454 0.0179825 0.0225807 0.058166 0.0179669 0.0265351
internal_weight=0 1140 766 648 74 574 351
internal_count=7717 1140 766 648 74 574 351
is_linear=0
shrinkage=0.015


Tree=84
num_leaves=8
num_cat=0
split_feature=22 21 11 2 20 2 3
split_gain=729.19 480.86 392.225 373.147 406.364 280.902 276.118
threshold=32.500000000000007 7.2788461538461542 1.0000000180025095e-35 1.5000000000000002 33.500000000000007 3.5000000000000004 79.000000000000014
decision_type=2 2 2 2 2 2 2
left_child=5 -2 3 4 -3 6 -1
right_child=1 2 -4 -5 -6 -7 -8
leaf_value=0.010027303845481535 -0.0027871169324045057 0.019701966628432273 -0.0070965220625242905 0.018068045084785156 0.089272123430226308 -0.0063588671835336811 -0.0012084124739607258
leaf_weight=565 385 40 121 587 37 2170 3812
leaf_count=565 385 40 121 587 37 2170 3812
internal_value=0 0.0109106 0.0176477 0.0221794 0.0533266 -0.0019459 0.00023851
internal_weight=0 1170 785 664 77 6547 4377
internal_count=7717 1170 785 664 77 6547 4377
is_linear=0
shrinkage=0.015


Tree=85
num_leaves=8
num_cat=0
split_feature=22 21 11 2 16 2 32
split_gain=707.479 466.577 380.599 362.055 397.258 272.538 271.996
threshold=32.500000000000007 7.2788461538461542 1.0000000180025095e-35 1.5000000000000002 2036.5000000000002 3.5000000000000004 52.500000000000007
decision_type=2 2 2 2 2 2 2
left_child=5 6 3 4 -3 -1 -2
right_child=1 2 -4 -5 -6 -7 -8
leaf_value=0.00023488097020499588 -0.0064469084370304165 0.029206794410381678 -0.0069900742604220205 0.017797024400311393 0.10340916350483893 -0.0062634841661024752 0.040556941837072376
leaf_weight=4377 355 53 121 587 24 2170 30
leaf_count=4377 355 53 121 587 24 2170 30
internal_value=0 0.0107469 0.0173832 0.0218473 0.0525296 -0.00191671 -0.00274531
internal_weight=0 1170 785 664 77 6547 385
internal_count=7717 1170 785 664 77 6547 385
is_linear=0
shrinkage=0.015


Tree=86
num_leaves=8
num_cat=0
split_feature=30 27 20 31 32 32 14
split_gain=689.302 355.159 532.033 513.55 332.052 361.533 418.254
threshold=1.0000000180025095e-35 2.5000000000000004 65.500000000000014 46.500000000000007 19.500000000000004 6.5000000000000009 1519.5000000000002
decision_type=2 2 2 2 2 2 2
left_child=-1 2 3 -2 5 -3 -7
right_child=1 4 -4 -5 -6 6 -8
leaf_value=-0.0011551180348842553 -0.02059012340738418 -0.0040495587169349966 0.099220024606455917 0.035370050968524219 -0.017233919432288719 0.0089198069572448725 0.080956512829836666
leaf_weight=7234 47 77 23 167 95 40 34
leaf_count=7234 47 77 23 167 95 40 34
internal_value=0 0.0173528 0.0304689 0.0230096 0.00465559 0.0185265 0.0422205
internal_weight=0 483 237 214 246 151 74
internal_count=7717 483 237 214 246 151 74
is_linear=0
shrinkage=0.015


Tree=87
num_leaves=8
num_cat=0
split_feature=22 21 11 2 17 32 32
split_gain=676.395 424.646 356.744 425.56 339.855 288.97 289.249
threshold=33.500000000000007 7.2788461538461542 1.0000000180025095e-35 1.5000000000000002 635.30555555555566 57.500000000000007 48.500000000000007
decision_type=2 2 2 2 2 2 2
left_child=-1 -2 3 4 -3 6 -5
right_child=1 2 -4 5 -6 -7 -8
leaf_value=-0.001845639960275915 -0.0023967688670132885 0.021803130259116489 -0.0068228901733281251 0.019332856448536568 0.086811654802999988 -0.0048288300715455213 0.072051744461059566
leaf_weight=6577 374 36 118 440 38 109 25
leaf_count=6577 374 36 118 440 38 109 25
internal_value=0 0.0106699 0.0170693 0.0214432 0.0553886 0.0170408 0.0221995
internal_weight=0 1140 766 648 74 574 465
internal_count=7717 1140 766 648 74 574 465
is_linear=0
shrinkage=0.015


Tree=88
num_leaves=8
num_cat=0
split_feature=20 22 29 28 7 31 14
split_gain=656.81 419.92 339.464 307.766 301.14 386.749 328.237
threshold=14.500000000000002 384.00000000000006 37.500000000000007 1.0000000180025095e-35 77.500000000000014 157.50000000000003 662.00000000000011
decision_type=2 2 2 2 2 2 2
left_child=-1 2 3 4 -2 6 -6
right_child=1 -3 -4 -5 5 -7 -8
leaf_value=-0.001991036686399173 -0.0050063339663538962 0.065160803496837616 -0.020076382095840842 -0.0055653457296380091 -0.0012598826227901137 0.051138294905843866 0.020593181381841283
leaf_weight=6390 157 30 88 221 214 71 546
leaf_count=6390 157 30 88 221 214 71 546
internal_value=0 0.00960606 0.0083095 0.010388 0.0139717 0.0175753 0.0144201
internal_weight=0 1327 1297 1209 988 831 760
internal_count=7717 1327 1297 1209 988 831 760
is_linear=0
shrinkage=0.015


Tree=89
num_leaves=8
num_cat=0
split_feature=22 21 11 2 20 4 7
split_gain=640.078 425.53 346.88 334.764 378.465 265.548 403.781
threshold=32.500000000000007 7.2788461538461542 1.0000000180025095e-35 1.5000000000000002 33.500000000000007 302.50000000000006 74.500000000000014
decision_type=2 2 2 2 2 2 2
left_child=-1 -2 3 4 -3 -5 -7
right_child=1 2 -4 5 -6 6 -8
leaf_value=-0.0018231571977495764 -0.0026615013453093442 0.017867744565010071 -0.0067044819066347161 0.0040492816607157383 0.085014889868530064 -0.0094406521462258846 0.032171398721211726
leaf_weight=6547 385 40 121 225 37 63 299
leaf_count=6547 385 40 121 225 37 63 299
internal_value=0 0.0102222 0.01656 0.020822 0.0503281 0.016926 0.0248881
internal_weight=0 1170 785 664 77 587 362
internal_count=7717 1170 785 664 77 587 362
is_linear=0
shrinkage=0.015


Tree=90
num_leaves=8
num_cat=0
split_feature=22 30 26 29 2 29 7
split_gain=621.06 404.512 401.201 299.6 273.42 267.637 252.024
threshold=33.500000000000007 2.5000000000000004 5.5000000000000009 15.500000000000002 3.5000000000000004 158.50000000000003 77.500000000000014
decision_type=2 2 2 2 2 2 2
left_child=4 2 -2 -3 6 -4 -1
right_child=1 3 5 -5 -6 -7 -8
leaf_value=-0.0057387031503518425 0.016640918469458719 0.01308124167578561 -0.0038705418032558658 0.092393190653427784 -0.0061125303509585354 0.052124729141592975 0.0024906068563934933
leaf_weight=1125 602 21 474 23 2180 20 3272
leaf_count=1125 602 21 474 23 2180 20 3272
internal_value=0 0.0102241 0.0084176 0.0548807 -0.0017686 -0.00157316 0.000381675
internal_weight=0 1140 1096 44 6577 494 4397
internal_count=7717 1140 1096 44 6577 494 4397
is_linear=0
shrinkage=0.015


Tree=91
num_leaves=8
num_cat=0
split_feature=30 27 20 29 2 25 32
split_gain=605.237 333.757 496.299 505.271 559.789 661.335 318.115
threshold=1.0000000180025095e-35 2.5000000000000004 65.500000000000014 8.5000000000000018 1.5000000000000002 22.535714285714288 19.500000000000004
decision_type=2 2 2 2 2 2 2
left_child=-1 2 3 4 -2 -6 -3
right_child=1 6 -4 -5 5 -7 -8
leaf_value=-0.0010824214542047206 0.099476776123046881 0.017530125395351686 0.095378790938335914 -0.011479082522184951 0.053407356583553812 -0.01848616766686342 -0.017475533422670865
leaf_weight=7234 27 151 23 69 69 49 95
leaf_count=7234 27 151 23 69 69 49 95
internal_value=0 0.0162602 0.0289739 0.0217668 0.0376907 0.0234261 0.0039507
internal_weight=0 483 237 214 145 118 246
internal_count=7717 483 237 214 145 118 246
is_linear=0
shrinkage=0.015


Tree=92
num_leaves=8
num_cat=0
split_feature=20 22 29 28 7 31 27
split_gain=595.839 385.294 325.905 287.452 281.392 375.473 324.729
threshold=14.500000000000002 384.00000000000006 37.500000000000007 1.0000000180025095e-35 77.500000000000014 157.50000000000003 68.500000000000014
decision_type=2 2 2 2 2 2 2
left_child=-1 2 3 4 -2 -6 -7
right_child=1 -3 -4 -5 5 6 -8
leaf_value=-0.0018964070411215364 -0.0049358913757998465 0.062366919845342629 -0.019906568324024026 -0.0054729330256513883 0.013781870833745128 0.074380640904108675 0.0071158259648543129
leaf_weight=6390 157 30 88 221 760 45 26
leaf_count=6390 157 30 88 221 760 45 26
internal_value=0 0.00914931 0.00790681 0.00994368 0.0134073 0.0168909 0.0499597
internal_weight=0 1327 1297 1209 988 831 71
internal_count=7717 1327 1297 1209 988 831 71
is_linear=0
shrinkage=0.015


Tree=93
num_leaves=8
num_cat=0
split_feature=22 30 26 31 2 29 3
split_gain=583.141 378.792 381.55 297.854 264.081 256.938 246.982
threshold=33.500000000000007 2.5000000000000004 5.5000000000000009 60.500000000000007 3.5000000000000004 158.50000000000003 79.000000000000014
decision_type=2 2 2 2 2 2 2
left_child=4 2 -2 -3 6 -4 -1
right_child=1 3 5 -5 -6 -7 -8
leaf_value=0.0096321272912999276 0.016177947331851107 0.01329487063667991 -0.0038355351296029514 0.092268826961517336 -0.0059828810343228352 0.051028071396052838 -0.00096622117760754907
leaf_weight=568 602 22 474 22 2180 20 3829
leaf_count=568 602 22 474 22 2180 20 3829
internal_value=0 0.00990706 0.00815843 0.0531228 -0.00171374 -0.00158397 0.000399451
internal_weight=0 1140 1096 44 6577 494 4397
internal_count=7717 1140 1096 44 6577 494 4397
is_linear=0
shrinkage=0.015


Tree=94
num_leaves=8
num_cat=0
split_feature=22 21 11 2 20 32 4
split_gain=566.041 384.013 324.948 312.251 358.776 265.125 257.462
threshold=32.500000000000007 7.2788461538461542 1.0000000180025095e-35 1.5000000000000002 33.500000000000007 52.500000000000007 302.50000000000006
decision_type=2 2 2 2 2 2 2
left_child=-1 5 3 4 -3 -2 -5
right_child=1 2 -4 6 -6 -7 -8
leaf_value=-0.0017144025564057163 -0.0062797710853563227 0.016644369229674341 -0.0068820162351466404 0.0033174738883972169 0.082028033765586636 0.040127212584018704 0.023834354702527351
leaf_weight=6547 355 40 121 225 37 30 362
leaf_count=6547 355 40 121 225 37 30 362
internal_value=0 0.00961287 0.0156338 0.0197595 0.0482573 -0.00262468 0.0159957
internal_weight=0 1170 785 664 77 385 587
internal_count=7717 1170 785 664 77 385 587
is_linear=0
shrinkage=0.015


Tree=95
num_leaves=8
num_cat=0
split_feature=30 27 20 29 2 25 24
split_gain=550.172 315.806 470.658 489.084 532.855 644.39 310.438
threshold=1.0000000180025095e-35 2.5000000000000004 65.500000000000014 8.5000000000000018 1.5000000000000002 22.535714285714288 26.500000000000004
decision_type=2 2 2 2 2 2 2
left_child=-1 2 3 4 -2 6 -6
right_child=1 -3 -4 -5 5 -7 -8
leaf_value=-0.001031928365117514 0.096800909837087001 0.0035279266136448557 0.092538132874861997 -0.011859900044358294 0.026960584618324453 -0.018774613044699844 0.093348076205987188
leaf_weight=7234 27 246 23 69 43 49 26
leaf_count=7234 27 246 23 69 43 49 26
internal_value=0 0.015503 0.0278695 0.020849 0.0365174 0.0225966 0.0521936
internal_weight=0 483 237 214 145 118 69
internal_count=7717 483 237 214 145 118 69
is_linear=0
shrinkage=0.015


Tree=96
num_leaves=8
num_cat=0
split_feature=22 30 26 29 2 29 7
split_gain=541.949 354.593 361.139 289.784 255.766 249.338 241.667
threshold=33.500000000000007 2.5000000000000004 5.5000000000000009 15.500000000000002 3.5000000000000004 158.50000000000003 77.500000000000014
decision_type=2 2 2 2 2 2 2
left_child=4 2 -2 -3 6 -4 -1
right_child=1 3 5 -5 -6 -7 -8
leaf_value=-0.0055654562862714127 0.015660760672236991 0.010266280174255371 -0.0038375235254628748 0.088237991436668065 -0.0058533917502115625 0.050207389108836646 0.0024928484882585575
leaf_weight=1125 602 21 474 23 2180 20 3272
leaf_count=1125 602 21 474 23 2180 20 3272
internal_value=0 0.00955088 0.00785852 0.0513651 -0.00165196 -0.00161911 0.000427669
internal_weight=0 1140 1096 44 6577 494 4397
internal_count=7717 1140 1096 44 6577 494 4397
is_linear=0
shrinkage=0.015


Tree=97
num_leaves=8
num_cat=0
split_feature=20 22 29 28 14 24 7
split_gain=527.234 350.117 310.473 267.324 269.415 371.772 417.155
threshold=14.500000000000002 384.00000000000006 37.500000000000007 1.0000000180025095e-35 662.00000000000011 21.500000000000004 77.500000000000014
decision_type=2 2 2 2 2 2 2
left_child=-1 2 3 4 -2 6 -6
right_child=1 -3 -4 -5 5 -7 -8
leaf_value=-0.0017837050139484271 0.0005151356725750497 0.05933904355764389 -0.019725609699433499 -0.0054559805443114284 -0.0079352340879647616 0.013574475302315149 0.065692600350488323
leaf_weight=6390 289 30 88 221 23 610 66
leaf_count=6390 289 30 88 221 23 610 66
internal_value=0 0.00860667 0.00742165 0.00941004 0.0127505 0.0177877 0.0464966
internal_weight=0 1327 1297 1209 988 699 89
internal_count=7717 1327 1297 1209 988 699 89
is_linear=0
shrinkage=0.015


Tree=98
num_leaves=8
num_cat=0
split_feature=20 22 3 22 14 11 16
split_gain=514.069 340.685 339.559 331.255 400.022 296.834 223.451
threshold=33.500000000000007 384.00000000000006 79.000000000000014 169.50000000000003 4241.5000000000009 1.0000000180025095e-35 96.500000000000014
decision_type=2 2 2 2 2 2 2
left_child=2 3 5 4 -2 6 -1
right_child=1 -3 -4 -5 -6 -7 -8
leaf_value=0.0037363901002840563 0.015219927903567774 0.069210547606150294 -0.0020422665114366995 -0.012761689022183418 0.075819772833159993 -0.0071552975217501315 0.020958488459809348
leaf_weight=330 209 27 6464 80 28 225 354
leaf_count=330 209 27 6464 80 28 225 354
internal_value=0 0.0179264 -0.000833289 0.013511 0.0224427 0.00774738 0.0126715
internal_weight=0 344 7373 317 237 909 684
internal_count=7717 344 7373 317 237 909 684
is_linear=0
shrinkage=0.015


Tree=99
num_leaves=8
num_cat=0
split_feature=22 30 26 31 2 29 7
split_gain=503.18 334.002 346.494 293.262 246.011 236.942 232.828
threshold=33.500000000000007 2.5000000000000004 5.5000000000000009 60.500000000000007 3.5000000000000004 158.50000000000003 77.500000000000014
decision_type=2 2 2 2 2 2 2
left_child=4 2 -2 -3 6 -4 -1
right_child=1 3 5 -5 -6 -7 -8
leaf_value=-0.0054345347571372986 0.015202735727807611 0.010285933451219038 -0.0038863087068252925 0.088604881655086162 -0.0057122520956150984 0.048795356959104537 0.0024749561853725051
leaf_weight=1125 602 22 474 22 2180 20 3272
leaf_count=1125 602 22 474 22 2180 20 3272
internal_value=0 0.00920302 0.00756008 0.0497863 -0.00159168 -0.00172308 0.000447852
internal_weight=0 1140 1096 44 6577 494 4397
internal_count=7717 1140 1096 44 6577 494 4397
is_linear=0
shrinkage=0.015


end of trees

feature_importances:
transactions=130
first_ses_from_the_period_start=79
sessionQualityDim=57
pageviews_mean=53
operatingSystem=49
country=38
pageviews_max=35
timeOnSite_max=27
metro=25
visitNumber_max=25
channelGrouping=24
hits_sum=24
hits_mean=22
timeOnSite_mean=19
last_ses_from_the_period_end=17
deviceCategory=15
isMobile=15
timeOnSite_sum=10
hits_max=9
visitStartTime_counts=9
continent=7
region=4
pageviews_min=4
networkDomain=3

parameters:
[boosting: gbdt]
[objective: regression]
[metric: rmse]
[tree_learner: serial]
[device_type: cpu]
[data: ]
[valid: ]
[num_iterations: 100]
[learning_rate: 0.015]
[num_leaves: 8]
[num_threads: 0]
[deterministic: 0]
[force_col_wise: 0]
[force_row_wise: 0]
[histogram_pool_size: -1]
[max_depth: -1]
[min_data_in_leaf: 20]
[min_sum_hessian_in_leaf: 0.001]
[bagging_fraction: 0.9]
[pos_bagging_fraction: 1]
[neg_bagging_fraction: 1]
[bagging_freq: 0]
[bagging_seed: 3]
[feature_fraction: 1]
[feature_fraction_bynode: 1]
[feature_fraction_seed: 2]
[extra_trees: 0]
[extra_seed: 6]
[early_stopping_round: 0]
[first_metric_only: 0]
[max_delta_step: 0]
[lambda_l1: 1]
[lambda_l2: 0]
[linear_lambda: 0]
[min_gain_to_split: 0]
[drop_rate: 0.1]
[max_drop: 50]
[skip_drop: 0.5]
[xgboost_dart_mode: 0]
[uniform_drop: 0]
[drop_seed: 4]
[top_rate: 0.2]
[other_rate: 0.1]
[min_data_per_group: 100]
[max_cat_threshold: 32]
[cat_l2: 10]
[cat_smooth: 10]
[max_cat_to_onehot: 4]
[top_k: 20]
[monotone_constraints: ]
[monotone_constraints_method: basic]
[monotone_penalty: 0]
[feature_contri: ]
[forcedsplits_filename: ]
[refit_decay_rate: 0.9]
[cegb_tradeoff: 1]
[cegb_penalty_split: 0]
[cegb_penalty_feature_lazy: ]
[cegb_penalty_feature_coupled: ]
[path_smooth: 0]
[interaction_constraints: ]
[verbosity: 1]
[saved_feature_importance_type: 0]
[linear_tree: 0]
[max_bin: 255]
[max_bin_by_feature: ]
[min_data_in_bin: 3]
[bin_construct_sample_cnt: 200000]
[data_random_seed: 1]
[is_enable_sparse: 1]
[enable_bundle: 1]
[use_missing: 1]
[zero_as_missing: 0]
[feature_pre_filter: 1]
[pre_partition: 0]
[two_round: 0]
[header: 0]
[label_column: ]
[weight_column: ]
[group_column: ]
[ignore_column: ]
[categorical_feature: ]
[forcedbins_filename: ]
[precise_float_parser: 0]
[objective_seed: 5]
[num_class: 1]
[is_unbalance: 0]
[scale_pos_weight: 1]
[sigmoid: 1]
[boost_from_average: 1]
[reg_sqrt: 0]
[alpha: 0.9]
[fair_c: 1]
[poisson_max_delta_step: 0.7]
[tweedie_variance_power: 1.5]
[lambdarank_truncation_level: 30]
[lambdarank_norm: 1]
[label_gain: ]
[eval_at: ]
[multi_error_top_k: 1]
[auc_mu_weights: ]
[num_machines: 1]
[local_listen_port: 12400]
[time_out: 120]
[machine_list_filename: ]
[machines: ]
[gpu_platform_id: -1]
[gpu_device_id: -1]
[gpu_use_dp: 0]
[num_gpu: 1]

end of parameters

pandas_categorical:[]
